cfg 600 1 4
g 1 20 5 25 39 30
g 2 21 6 26 41 30
g 3 22 7 27 43 30
g 4 23 5 28 45 30
g 5 24 6 29 47 30
g 6 25 7 30 44 30
g 7 26 5 31 46 30
g 8 27 6 32 48 30
g 9 28 7 33 50 30
g 10 29 5 25 43 30
g 11 30 6 26 40 30
g 12 20 7 27 42 30
g 13 21 5 28 44 30
g 14 22 6 29 46 30
g 15 23 7 30 48 30
g 16 24 5 31 45 30
g 17 25 6 32 47 30
g 18 26 7 33 49 30
g 19 27 5 25 42 30
g 20 28 6 26 44 30
g 21 29 7 27 41 30
g 22 30 5 28 43 30
g 23 20 6 29 45 30
g 24 21 7 30 47 30
g 25 22 5 31 49 30
g 26 23 6 32 46 30
g 27 24 7 33 48 30
g 28 25 5 25 41 30
g 29 26 6 26 43 30
g 30 27 7 27 45 30
g 31 28 5 28 42 30
g 32 29 6 29 44 30
g 33 30 7 30 46 30
g 34 20 5 31 48 30
g 35 21 6 32 50 30
g 36 22 7 33 47 30
g 37 23 5 25 40 30
g 38 24 6 26 42 30
g 39 25 7 27 44 30
g 40 26 5 28 46 30
g 41 27 6 29 43 30
g 42 28 7 30 45 30
g 43 29 5 31 47 30
g 44 30 6 32 49 30
g 45 20 7 33 51 30
g 46 21 5 25 39 30
g 47 22 6 26 41 30
g 48 23 7 27 43 30
g 49 24 5 28 45 30
g 50 25 6 29 47 30
g 51 26 7 30 44 30
g 52 27 5 31 46 30
g 53 28 6 32 48 30
g 54 29 7 33 50 30
g 55 30 5 25 43 30
g 56 20 6 26 40 30
g 57 21 7 27 42 30
g 58 22 5 28 44 30
g 59 23 6 29 46 30
g 60 24 7 30 48 30
g 61 25 5 31 45 30
g 62 26 6 32 47 30
g 63 27 7 33 49 30
g 64 28 5 25 42 30
g 65 29 6 26 44 30
g 66 30 7 27 41 30
g 67 20 5 28 43 30
g 68 21 6 29 45 30
g 69 22 7 30 47 30
g 70 23 5 31 49 30
g 71 24 6 32 46 30
g 72 25 7 33 48 30
g 73 26 5 25 41 30
g 74 27 6 26 43 30
g 75 28 7 27 45 30
g 76 29 5 28 42 30
g 77 30 6 29 44 30
g 78 20 7 30 46 30
g 79 21 5 31 48 30
g 80 22 6 32 50 30
g 81 23 7 33 47 30
g 82 24 5 25 40 30
g 83 25 6 26 42 30
g 84 26 7 27 44 30
g 85 27 5 28 46 30
g 86 28 6 29 43 30
g 87 29 7 30 45 30
g 88 30 5 31 47 30
g 89 20 6 32 49 30
g 90 21 7 33 51 30
g 91 22 5 25 39 30
g 92 23 6 26 41 30
g 93 24 7 27 43 30
g 94 25 5 28 45 30
g 95 26 6 29 47 30
g 96 27 7 30 44 30
g 97 28 5 31 46 30
g 98 29 6 32 48 30
g 99 30 7 33 50 30
g 100 20 5 25 43 30
g 101 21 6 26 40 30
g 102 22 7 27 42 30
g 103 23 5 28 44 30
g 104 24 6 29 46 30
g 105 25 7 30 48 30
g 106 26 5 31 45 30
g 107 27 6 32 47 30
g 108 28 7 33 49 30
g 109 29 5 25 42 30
g 110 30 6 26 44 30
g 111 20 7 27 41 30
g 112 21 5 28 43 30
g 113 22 6 29 45 30
g 114 23 7 30 47 30
g 115 24 5 31 49 30
g 116 25 6 32 46 30
g 117 26 7 33 48 30
g 118 27 5 25 41 30
g 119 28 6 26 43 30
g 120 29 7 27 45 30
g 121 30 5 28 42 30
g 122 20 6 29 44 30
g 123 21 7 30 46 30
g 124 22 5 31 48 30
g 125 23 6 32 50 30
g 126 24 7 33 47 30
g 127 25 5 25 40 30
g 128 26 6 26 42 30
g 129 27 7 27 44 30
g 130 28 5 28 46 30
g 131 29 6 29 43 30
g 132 30 7 30 45 30
g 133 20 5 31 47 30
g 134 21 6 32 49 30
g 135 22 7 33 51 30
g 136 23 5 25 39 30
g 137 24 6 26 41 30
g 138 25 7 27 43 30
g 139 26 5 28 45 30
g 140 27 6 29 47 30
g 141 28 7 30 44 30
g 142 29 5 31 46 30
g 143 30 6 32 48 30
g 144 20 7 33 50 30
g 145 21 5 25 43 30
g 146 22 6 26 40 30
g 147 23 7 27 42 30
g 148 24 5 28 44 30
g 149 25 6 29 46 30
g 150 26 7 30 48 30
g 151 27 5 31 45 30
g 152 28 6 32 47 30
g 153 29 7 33 49 30
g 154 30 5 25 42 30
g 155 20 6 26 44 30
g 156 21 7 27 41 30
g 157 22 5 28 43 30
g 158 23 6 29 45 30
g 159 24 7 30 47 30
g 160 25 5 31 49 30
g 161 26 6 32 46 30
g 162 27 7 33 48 30
g 163 28 5 25 41 30
g 164 29 6 26 43 30
g 165 30 7 27 45 30
g 166 20 5 28 42 30
g 167 21 6 29 44 30
g 168 22 7 30 46 30
g 169 23 5 31 48 30
g 170 24 6 32 50 30
g 171 25 7 33 47 30
g 172 26 5 25 40 30
g 173 27 6 26 42 30
g 174 28 7 27 44 30
g 175 29 5 28 46 30
g 176 30 6 29 43 30
g 177 20 7 30 45 30
g 178 21 5 31 47 30
g 179 22 6 32 49 30
g 180 23 7 33 51 30
g 181 24 5 25 39 30
g 182 25 6 26 41 30
g 183 26 7 27 43 30
g 184 27 5 28 45 30
g 185 28 6 29 47 30
g 186 29 7 30 44 30
g 187 30 5 31 46 30
g 188 20 6 32 48 30
g 189 21 7 33 50 30
g 190 22 5 25 43 30
g 191 23 6 26 40 30
g 192 24 7 27 42 30
g 193 25 5 28 44 30
g 194 26 6 29 46 30
g 195 27 7 30 48 30
g 196 28 5 31 45 30
g 197 29 6 32 47 30
g 198 30 7 33 49 30
g 199 20 5 25 42 30
g 200 21 6 26 44 30
g 201 22 7 27 41 30
g 202 23 5 28 43 30
g 203 24 6 29 45 30
g 204 25 7 30 47 30
g 205 26 5 31 49 30
g 206 27 6 32 46 30
g 207 28 7 33 48 30
g 208 29 5 25 41 30
g 209 30 6 26 43 30
g 210 20 7 27 45 30
g 211 21 5 28 42 30
g 212 22 6 29 44 30
g 213 23 7 30 46 30
g 214 24 5 31 48 30
g 215 25 6 32 50 30
g 216 26 7 33 47 30
g 217 27 5 25 40 30
g 218 28 6 26 42 30
g 219 29 7 27 44 30
g 220 30 5 28 46 30
g 221 20 6 29 43 30
g 222 21 7 30 45 30
g 223 22 5 31 47 30
g 224 23 6 32 49 30
g 225 24 7 33 51 30
g 226 25 5 25 39 30
g 227 26 6 26 41 30
g 228 27 7 27 43 30
g 229 28 5 28 45 30
g 230 29 6 29 47 30
g 231 30 7 30 44 30
g 232 20 5 31 46 30
g 233 21 6 32 48 30
g 234 22 7 33 50 30
g 235 23 5 25 43 30
g 236 24 6 26 40 30
g 237 25 7 27 42 30
g 238 26 5 28 44 30
g 239 27 6 29 46 30
g 240 28 7 30 48 30
g 241 29 5 31 45 30
g 242 30 6 32 47 30
g 243 20 7 33 49 30
g 244 21 5 25 42 30
g 245 22 6 26 44 30
g 246 23 7 27 41 30
g 247 24 5 28 43 30
g 248 25 6 29 45 30
g 249 26 7 30 47 30
g 250 27 5 31 49 30
g 251 28 6 32 46 30
g 252 29 7 33 48 30
g 253 30 5 25 41 30
g 254 20 6 26 43 30
g 255 21 7 27 45 30
g 256 22 5 28 42 30
g 257 23 6 29 44 30
g 258 24 7 30 46 30
g 259 25 5 31 48 30
g 260 26 6 32 50 30
g 261 27 7 33 47 30
g 262 28 5 25 40 30
g 263 29 6 26 42 30
g 264 30 7 27 44 30
g 265 20 5 28 46 30
g 266 21 6 29 43 30
g 267 22 7 30 45 30
g 268 23 5 31 47 30
g 269 24 6 32 49 30
g 270 25 7 33 51 30
g 271 26 5 25 39 30
g 272 27 6 26 41 30
g 273 28 7 27 43 30
g 274 29 5 28 45 30
g 275 30 6 29 47 30
g 276 20 7 30 44 30
g 277 21 5 31 46 30
g 278 22 6 32 48 30
g 279 23 7 33 50 30
g 280 24 5 25 43 30
g 281 25 6 26 40 30
g 282 26 7 27 42 30
g 283 27 5 28 44 30
g 284 28 6 29 46 30
g 285 29 7 30 48 30
g 286 30 5 31 45 30
g 287 20 6 32 47 30
g 288 21 7 33 49 30
g 289 22 5 25 42 30
g 290 23 6 26 44 30
g 291 24 7 27 41 30
g 292 25 5 28 43 30
g 293 26 6 29 45 30
g 294 27 7 30 47 30
g 295 28 5 31 49 30
g 296 29 6 32 46 30
g 297 30 7 33 48 30
g 298 20 5 25 41 30
g 299 21 6 26 43 30
g 300 22 7 27 45 30
g 301 23 5 28 42 30
g 302 24 6 29 44 30
g 303 25 7 30 46 30
g 304 26 5 31 48 30
g 305 27 6 32 50 30
g 306 28 7 33 47 30
g 307 29 5 25 40 30
g 308 30 6 26 42 30
g 309 20 7 27 44 30
g 310 21 5 28 46 30
g 311 22 6 29 43 30
g 312 23 7 30 45 30
g 313 24 5 31 47 30
g 314 25 6 32 49 30
g 315 26 7 33 51 30
g 316 27 5 25 39 30
g 317 28 6 26 41 30
g 318 29 7 27 43 30
g 319 30 5 28 45 30
g 320 20 6 29 47 30
g 321 21 7 30 44 30
g 322 22 5 31 46 30
g 323 23 6 32 48 30
g 324 24 7 33 50 30
g 325 25 5 25 43 30
g 326 26 6 26 40 30
g 327 27 7 27 42 30
g 328 28 5 28 44 30
g 329 29 6 29 46 30
g 330 30 7 30 48 30
g 331 20 5 31 45 30
g 332 21 6 32 47 30
g 333 22 7 33 49 30
g 334 23 5 25 42 30
g 335 24 6 26 44 30
g 336 25 7 27 41 30
g 337 26 5 28 43 30
g 338 27 6 29 45 30
g 339 28 7 30 47 30
g 340 29 5 31 49 30
g 341 30 6 32 46 30
g 342 20 7 33 48 30
g 343 21 5 25 41 30
g 344 22 6 26 43 30
g 345 23 7 27 45 30
g 346 24 5 28 42 30
g 347 25 6 29 44 30
g 348 26 7 30 46 30
g 349 27 5 31 48 30
g 350 28 6 32 50 30
g 351 29 7 33 47 30
g 352 30 5 25 40 30
g 353 20 6 26 42 30
g 354 21 7 27 44 30
g 355 22 5 28 46 30
g 356 23 6 29 43 30
g 357 24 7 30 45 30
g 358 25 5 31 47 30
g 359 26 6 32 49 30
g 360 27 7 33 51 30
g 361 28 5 25 39 30
g 362 29 6 26 41 30
g 363 30 7 27 43 30
g 364 20 5 28 45 30
g 365 21 6 29 47 30
g 366 22 7 30 44 30
g 367 23 5 31 46 30
g 368 24 6 32 48 30
g 369 25 7 33 50 30
g 370 26 5 25 43 30
g 371 27 6 26 40 30
g 372 28 7 27 42 30
g 373 29 5 28 44 30
g 374 30 6 29 46 30
g 375 20 7 30 48 30
g 376 21 5 31 45 30
g 377 22 6 32 47 30
g 378 23 7 33 49 30
g 379 24 5 25 42 30
g 380 25 6 26 44 30
g 381 26 7 27 41 30
g 382 27 5 28 43 30
g 383 28 6 29 45 30
g 384 29 7 30 47 30
g 385 30 5 31 49 30
g 386 20 6 32 46 30
g 387 21 7 33 48 30
g 388 22 5 25 41 30
g 389 23 6 26 43 30
g 390 24 7 27 45 30
g 391 25 5 28 42 30
g 392 26 6 29 44 30
g 393 27 7 30 46 30
g 394 28 5 31 48 30
g 395 29 6 32 50 30
g 396 30 7 33 47 30
g 397 20 5 25 40 30
g 398 21 6 26 42 30
g 399 22 7 27 44 30
g 400 23 5 28 46 30
g 401 24 6 29 43 30
g 402 25 7 30 45 30
g 403 26 5 31 47 30
g 404 27 6 32 49 30
g 405 28 7 33 51 30
g 406 29 5 25 39 30
g 407 30 6 26 41 30
g 408 20 7 27 43 30
g 409 21 5 28 45 30
g 410 22 6 29 47 30
g 411 23 7 30 44 30
g 412 24 5 31 46 30
g 413 25 6 32 48 30
g 414 26 7 33 50 30
g 415 27 5 25 43 30
g 416 28 6 26 40 30
g 417 29 7 27 42 30
g 418 30 5 28 44 30
g 419 20 6 29 46 30
g 420 21 7 30 48 30
g 421 22 5 31 45 30
g 422 23 6 32 47 30
g 423 24 7 33 49 30
g 424 25 5 25 42 30
g 425 26 6 26 44 30
g 426 27 7 27 41 30
g 427 28 5 28 43 30
g 428 29 6 29 45 30
g 429 30 7 30 47 30
g 430 20 5 31 49 30
g 431 21 6 32 46 30
g 432 22 7 33 48 30
g 433 23 5 25 41 30
g 434 24 6 26 43 30
g 435 25 7 27 45 30
g 436 26 5 28 42 30
g 437 27 6 29 44 30
g 438 28 7 30 46 30
g 439 29 5 31 48 30
g 440 30 6 32 50 30
g 441 20 7 33 47 30
g 442 21 5 25 40 30
g 443 22 6 26 42 30
g 444 23 7 27 44 30
g 445 24 5 28 46 30
g 446 25 6 29 43 30
g 447 26 7 30 45 30
g 448 27 5 31 47 30
g 449 28 6 32 49 30
g 450 29 7 33 51 30
g 451 30 5 25 39 30
g 452 20 6 26 41 30
g 453 21 7 27 43 30
g 454 22 5 28 45 30
g 455 23 6 29 47 30
g 456 24 7 30 44 30
g 457 25 5 31 46 30
g 458 26 6 32 48 30
g 459 27 7 33 50 30
g 460 28 5 25 43 30
g 461 29 6 26 40 30
g 462 30 7 27 42 30
g 463 20 5 28 44 30
g 464 21 6 29 46 30
g 465 22 7 30 48 30
g 466 23 5 31 45 30
g 467 24 6 32 47 30
g 468 25 7 33 49 30
g 469 26 5 25 42 30
g 470 27 6 26 44 30
g 471 28 7 27 41 30
g 472 29 5 28 43 30
g 473 30 6 29 45 30
g 474 20 7 30 47 30
g 475 21 5 31 49 30
g 476 22 6 32 46 30
g 477 23 7 33 48 30
g 478 24 5 25 41 30
g 479 25 6 26 43 30
g 480 26 7 27 45 30
g 481 27 5 28 42 30
g 482 28 6 29 44 30
g 483 29 7 30 46 30
g 484 30 5 31 48 30
g 485 20 6 32 50 30
g 486 21 7 33 47 30
g 487 22 5 25 40 30
g 488 23 6 26 42 30
g 489 24 7 27 44 30
g 490 25 5 28 46 30
g 491 26 6 29 43 30
g 492 27 7 30 45 30
g 493 28 5 31 47 30
g 494 29 6 32 49 30
g 495 30 7 33 51 30
g 496 20 5 25 39 30
g 497 21 6 26 41 30
g 498 22 7 27 43 30
g 499 23 5 28 45 30
g 500 24 6 29 47 30
g 501 25 7 30 44 30
g 502 26 5 31 46 30
g 503 27 6 32 48 30
g 504 28 7 33 50 30
g 505 29 5 25 43 30
g 506 30 6 26 40 30
g 507 20 7 27 42 30
g 508 21 5 28 44 30
g 509 22 6 29 46 30
g 510 23 7 30 48 30
g 511 24 5 31 45 30
g 512 25 6 32 47 30
g 513 26 7 33 49 30
g 514 27 5 25 42 30
g 515 28 6 26 44 30
g 516 29 7 27 41 30
g 517 30 5 28 43 30
g 518 20 6 29 45 30
g 519 21 7 30 47 30
g 520 22 5 31 49 30
g 521 23 6 32 46 30
g 522 24 7 33 48 30
g 523 25 5 25 41 30
g 524 26 6 26 43 30
g 525 27 7 27 45 30
g 526 28 5 28 42 30
g 527 29 6 29 44 30
g 528 30 7 30 46 30
g 529 20 5 31 48 30
g 530 21 6 32 50 30
g 531 22 7 33 47 30
g 532 23 5 25 40 30
g 533 24 6 26 42 30
g 534 25 7 27 44 30
g 535 26 5 28 46 30
g 536 27 6 29 43 30
g 537 28 7 30 45 30
g 538 29 5 31 47 30
g 539 30 6 32 49 30
g 540 20 7 33 51 30
g 541 21 5 25 39 30
g 542 22 6 26 41 30
g 543 23 7 27 43 30
g 544 24 5 28 45 30
g 545 25 6 29 47 30
g 546 26 7 30 44 30
g 547 27 5 31 46 30
g 548 28 6 32 48 30
g 549 29 7 33 50 30
g 550 30 5 25 43 30
g 551 20 6 26 40 30
g 552 21 7 27 42 30
g 553 22 5 28 44 30
g 554 23 6 29 46 30
g 555 24 7 30 48 30
g 556 25 5 31 45 30
g 557 26 6 32 47 30
g 558 27 7 33 49 30
g 559 28 5 25 42 30
g 560 29 6 26 44 30
g 561 30 7 27 41 30
g 562 20 5 28 43 30
g 563 21 6 29 45 30
g 564 22 7 30 47 30
g 565 23 5 31 49 30
g 566 24 6 32 46 30
g 567 25 7 33 48 30
g 568 26 5 25 41 30
g 569 27 6 26 43 30
g 570 28 7 27 45 30
g 571 29 5 28 42 30
g 572 30 6 29 44 30
g 573 20 7 30 46 30
g 574 21 5 31 48 30
g 575 22 6 32 50 30
g 576 23 7 33 47 30
g 577 24 5 25 40 30
g 578 25 6 26 42 30
g 579 26 7 27 44 30
g 580 27 5 28 46 30
g 581 28 6 29 43 30
g 582 29 7 30 45 30
g 583 30 5 31 47 30
g 584 20 6 32 49 30
g 585 21 7 33 51 30
g 586 22 5 25 39 30
g 587 23 6 26 41 30
g 588 24 7 27 43 30
g 589 25 5 28 45 30
g 590 26 6 29 47 30
g 591 27 7 30 44 30
g 592 28 5 31 46 30
g 593 29 6 32 48 30
g 594 30 7 33 50 30
g 595 20 5 25 43 30
g 596 21 6 26 40 30
g 597 22 7 27 42 30
g 598 23 5 28 44 30
g 599 24 6 29 46 30
g 600 25 7 30 48 30
g 601 26 5 31 45 30
g 602 27 6 32 47 30
g 603 28 7 33 49 30
g 604 29 5 25 42 30
g 605 30 6 26 44 30
g 606 20 7 27 41 30
g 607 21 5 28 43 30
g 608 22 6 29 45 30
g 609 23 7 30 47 30
g 610 24 5 31 49 30
g 611 25 6 32 46 30
g 612 26 7 33 48 30
g 613 27 5 25 41 30
g 614 28 6 26 43 30
g 615 29 7 27 45 30
g 616 30 5 28 42 30
g 617 20 6 29 44 30
g 618 21 7 30 46 30
g 619 22 5 31 48 30
g 620 23 6 32 50 30
g 621 24 7 33 47 30
g 622 25 5 25 40 30
g 623 26 6 26 42 30
g 624 27 7 27 44 30
g 625 28 5 28 46 30
g 626 29 6 29 43 30
g 627 30 7 30 45 30
g 628 20 5 31 47 30
g 629 21 6 32 49 30
g 630 22 7 33 51 30
g 631 23 5 25 39 30
g 632 24 6 26 41 30
g 633 25 7 27 43 30
g 634 26 5 28 45 30
g 635 27 6 29 47 30
g 636 28 7 30 44 30
g 637 29 5 31 46 30
g 638 30 6 32 48 30
g 639 20 7 33 50 30
g 640 21 5 25 43 30
g 641 22 6 26 40 30
g 642 23 7 27 42 30
g 643 24 5 28 44 30
g 644 25 6 29 46 30
g 645 26 7 30 48 30
g 646 27 5 31 45 30
g 647 28 6 32 47 30
g 648 29 7 33 49 30
g 649 30 5 25 42 30
g 650 20 6 26 44 30
g 651 21 7 27 41 30
g 652 22 5 28 43 30
g 653 23 6 29 45 30
g 654 24 7 30 47 30
g 655 25 5 31 49 30
g 656 26 6 32 46 30
g 657 27 7 33 48 30
g 658 28 5 25 41 30
g 659 29 6 26 43 30
g 660 30 7 27 45 30
g 661 20 5 28 42 30
g 662 21 6 29 44 30
g 663 22 7 30 46 30
g 664 23 5 31 48 30
g 665 24 6 32 50 30
g 666 25 7 33 47 30
g 667 26 5 25 40 30
g 668 27 6 26 42 30
g 669 28 7 27 44 30
g 670 29 5 28 46 30
g 671 30 6 29 43 30
g 672 20 7 30 45 30
g 673 21 5 31 47 30
g 674 22 6 32 49 30
g 675 23 7 33 51 30
g 676 24 5 25 39 30
g 677 25 6 26 41 30
g 678 26 7 27 43 30
g 679 27 5 28 45 30
g 680 28 6 29 47 30
g 681 29 7 30 44 30
g 682 30 5 31 46 30
g 683 20 6 32 48 30
g 684 21 7 33 50 30
g 685 22 5 25 43 30
g 686 23 6 26 40 30
g 687 24 7 27 42 30
g 688 25 5 28 44 30
g 689 26 6 29 46 30
g 690 27 7 30 48 30
g 691 28 5 31 45 30
g 692 29 6 32 47 30
g 693 30 7 33 49 30
g 694 20 5 25 42 30
g 695 21 6 26 44 30
g 696 22 7 27 41 30
g 697 23 5 28 43 30
g 698 24 6 29 45 30
g 699 25 7 30 47 30
g 700 26 5 31 49 30
g 701 27 6 32 46 30
g 702 28 7 33 48 30
g 703 29 5 25 41 30
g 704 30 6 26 43 30
g 705 20 7 27 45 30
g 706 21 5 28 42 30
g 707 22 6 29 44 30
g 708 23 7 30 46 30
g 709 24 5 31 48 30
g 710 25 6 32 50 30
g 711 26 7 33 47 30
g 712 27 5 25 40 30
g 713 28 6 26 42 30
g 714 29 7 27 44 30
g 715 30 5 28 46 30
g 716 20 6 29 43 30
g 717 21 7 30 45 30
g 718 22 5 31 47 30
g 719 23 6 32 49 30
g 720 24 7 33 51 30
g 721 25 5 25 39 30
g 722 26 6 26 41 30
g 723 27 7 27 43 30
g 724 28 5 28 45 30
g 725 29 6 29 47 30
g 726 30 7 30 44 30
g 727 20 5 31 46 30
g 728 21 6 32 48 30
g 729 22 7 33 50 30
g 730 23 5 25 43 30
g 731 24 6 26 40 30
g 732 25 7 27 42 30
g 733 26 5 28 44 30
g 734 27 6 29 46 30
g 735 28 7 30 48 30
g 736 29 5 31 45 30
g 737 30 6 32 47 30
g 738 20 7 33 49 30
g 739 21 5 25 42 30
g 740 22 6 26 44 30
g 741 23 7 27 41 30
g 742 24 5 28 43 30
g 743 25 6 29 45 30
g 744 26 7 30 47 30
g 745 27 5 31 49 30
g 746 28 6 32 46 30
g 747 29 7 33 48 30
g 748 30 5 25 41 30
g 749 20 6 26 43 30
g 750 21 7 27 45 30
g 751 22 5 28 42 30
g 752 23 6 29 44 30
g 753 24 7 30 46 30
g 754 25 5 31 48 30
g 755 26 6 32 50 30
g 756 27 7 33 47 30
g 757 28 5 25 40 30
g 758 29 6 26 42 30
g 759 30 7 27 44 30
g 760 20 5 28 46 30
g 761 21 6 29 43 30
g 762 22 7 30 45 30
g 763 23 5 31 47 30
g 764 24 6 32 49 30
g 765 25 7 33 51 30
g 766 26 5 25 39 30
g 767 27 6 26 41 30
g 768 28 7 27 43 30
g 769 29 5 28 45 30
g 770 30 6 29 47 30
g 771 20 7 30 44 30
g 772 21 5 31 46 30
g 773 22 6 32 48 30
g 774 23 7 33 50 30
g 775 24 5 25 43 30
g 776 25 6 26 40 30
g 777 26 7 27 42 30
g 778 27 5 28 44 30
g 779 28 6 29 46 30
g 780 29 7 30 48 30
g 781 30 5 31 45 30
g 782 20 6 32 47 30
g 783 21 7 33 49 30
g 784 22 5 25 42 30
g 785 23 6 26 44 30
g 786 24 7 27 41 30
g 787 25 5 28 43 30
g 788 26 6 29 45 30
g 789 27 7 30 47 30
g 790 28 5 31 49 30
g 791 29 6 32 46 30
g 792 30 7 33 48 30
g 793 20 5 25 41 30
g 794 21 6 26 43 30
g 795 22 7 27 45 30
g 796 23 5 28 42 30
g 797 24 6 29 44 30
g 798 25 7 30 46 30
g 799 26 5 31 48 30
g 800 27 6 32 50 30
g 801 28 7 33 47 30
g 802 29 5 25 40 30
g 803 30 6 26 42 30
g 804 20 7 27 44 30
g 805 21 5 28 46 30
g 806 22 6 29 43 30
g 807 23 7 30 45 30
g 808 24 5 31 47 30
g 809 25 6 32 49 30
g 810 26 7 33 51 30
g 811 27 5 25 39 30
g 812 28 6 26 41 30
g 813 29 7 27 43 30
g 814 30 5 28 45 30
g 815 20 6 29 47 30
g 816 21 7 30 44 30
g 817 22 5 31 46 30
g 818 23 6 32 48 30
g 819 24 7 33 50 30
g 820 25 5 25 43 30
g 821 26 6 26 40 30
g 822 27 7 27 42 30
g 823 28 5 28 44 30
g 824 29 6 29 46 30
g 825 30 7 30 48 30
g 826 20 5 31 45 30
g 827 21 6 32 47 30
g 828 22 7 33 49 30
g 829 23 5 25 42 30
g 830 24 6 26 44 30
g 831 25 7 27 41 30
g 832 26 5 28 43 30
g 833 27 6 29 45 30
g 834 28 7 30 47 30
g 835 29 5 31 49 30
g 836 30 6 32 46 30
g 837 20 7 33 48 30
g 838 21 5 25 41 30
g 839 22 6 26 43 30
g 840 23 7 27 45 30
g 841 24 5 28 42 30
g 842 25 6 29 44 30
g 843 26 7 30 46 30
g 844 27 5 31 48 30
g 845 28 6 32 50 30
g 846 29 7 33 47 30
g 847 30 5 25 40 30
g 848 20 6 26 42 30
g 849 21 7 27 44 30
g 850 22 5 28 46 30
g 851 23 6 29 43 30
g 852 24 7 30 45 30
g 853 25 5 31 47 30
g 854 26 6 32 49 30
g 855 27 7 33 51 30
g 856 28 5 25 39 30
g 857 29 6 26 41 30
g 858 30 7 27 43 30
g 859 20 5 28 45 30
g 860 21 6 29 47 30
g 861 22 7 30 44 30
g 862 23 5 31 46 30
g 863 24 6 32 48 30
g 864 25 7 33 50 30
g 865 26 5 25 43 30
g 866 27 6 26 40 30
g 867 28 7 27 42 30
g 868 29 5 28 44 30
g 869 30 6 29 46 30
g 870 20 7 30 48 30
g 871 21 5 31 45 30
g 872 22 6 32 47 30
g 873 23 7 33 49 30
g 874 24 5 25 42 30
g 875 25 6 26 44 30
g 876 26 7 27 41 30
g 877 27 5 28 43 30
g 878 28 6 29 45 30
g 879 29 7 30 47 30
g 880 30 5 31 49 30
g 881 20 6 32 46 30
g 882 21 7 33 48 30
g 883 22 5 25 41 30
g 884 23 6 26 43 30
g 885 24 7 27 45 30
g 886 25 5 28 42 30
g 887 26 6 29 44 30
g 888 27 7 30 46 30
g 889 28 5 31 48 30
g 890 29 6 32 50 30
g 891 30 7 33 47 30
g 892 20 5 25 40 30
g 893 21 6 26 42 30
g 894 22 7 27 44 30
g 895 23 5 28 46 30
g 896 24 6 29 43 30
g 897 25 7 30 45 30
g 898 26 5 31 47 30
g 899 27 6 32 49 30
g 900 28 7 33 51 30
go 657330
scroll -1198
go 692830
go 636263
go 947237
scroll 1472
go 425985
scroll 4059
go 718869
scroll -22
scroll 4138
scroll 4759
del 327 6 1
go 844726
ins 767 12 1
go 1036976
go 999866
go 967216
go 667524
scroll 3668
go 118132
go 100691
scroll 3657
scroll -2120
go 819613
scroll 3678
scroll 3656
del 121 1 1
scroll -1854
scroll 1939
ins 197 20 3
go 818968
scroll -1922
ins 119 18 1
del 892 1 1
ins 573 18 3
go 771991
go 416472
scroll -2917
ins 280 1 2
go 986960
go 313482
ins 603 7 1
go 974958
go 246858
scroll 366
scroll 323
go 338527
scroll 2628
go 916407
ins 455 6 1
scroll 4329
go 563792
go 426821
scroll -1491
scroll -542
go 1055554
go 429484
go 532036
go 250143
scroll 4845
scroll -2332
scroll 4941
go 879130
scroll -278
go 802152
go 787839
scroll -1402
go 669764
go 879633
go 188170
go 574816
go 612337
del 839 1 2
go 590507
go 654566
go 181776
go 665104
ins 21 7 3
scroll 3096
go 459967
go 636883
scroll 4896
del 827 1 1
go 477048
scroll -1598
go 655544
scroll -335
scroll 4439
del 610 9 1
scroll -2256
go 980600
scroll 1708
scroll 3949
go 574977
go 183442
go 27218
go 660509
go 28542
scroll 853
go 190415
go 598737
go 1067772
go 475129
scroll 2142
go 432481
go 1005759
go 598124
ins 781 8 2
del 650 6 2
go 653486
del 190 1 2
ins 425 16 1
scroll -2124
scroll -1895
go 1059723
go 24849
ins 483 7 3
go 187375
go 663622
go 311543
go 1017618
scroll 4882
scroll 422
go 513916
scroll -1244
go 495136
scroll 2265
go 1027434
go 210192
scroll -1756
ins 864 20 2
go 138766
go 927883
scroll -958
go 582748
go 538195
go 891725
go 167694
go 273612
scroll -1012
del 414 4 2
scroll -2084
go 530444
go 119672
del 399 4 1
go 429102
go 679355
go 649622
del 701 10 1
del 23 8 2
go 814210
scroll 3300
go 512264
del 694 4 1
go 144067
go 195740
scroll 583
scroll 11
ins 829 5 2
go 692673
go 158566
go 782020
del 4 1 1
go 208571
del 862 2 1
go 990908
del 118 7 1
go 71046
scroll -1458
go 573320
go 331644
del 251 8 1
go 723981
go 455829
ins 631 0 3
go 893991
go 904537
ins 273 6 1
ins 329 4 2
scroll 832
ins 858 9 2
go 907394
go 316066
go 417337
scroll 4874
scroll 2721
scroll -2519
go 550425
go 278736
scroll -1487
scroll 2492
scroll 1341
ins 281 6 3
go 563044
scroll -2717
scroll 789
scroll 1737
scroll 2616
go 964593
go 210281
go 797993
go 92460
scroll -1513
go 889217
go 542797
scroll -983
scroll 1839
go 1041008
ins 95 19 2
del 373 10 2
go 55483
ins 594 14 2
go 230164
scroll 1267
scroll -2923
go 505688
go 631661
scroll 2937
go 757485
go 295738
scroll -26
go 629094
ins 640 3 2
scroll 2637
ins 421 16 1
go 382781
go 68662
scroll 1548
go 93038
go 967746
go 837670
scroll 4785
go 665581
go 6868
ins 528 4 2
go 695017
scroll 1657
go 570874
go 535704
go 693258
go 919094
scroll 1971
go 159881
go 338403
go 544853
go 292979
go 349671
go 638991
scroll 3338
go 362469
go 658375
scroll 2926
go 712537
del 711 5 1
del 75 9 1
go 256708
go 15968
scroll -385
go 146645
go 742600
ins 268 1 3
scroll -1523
go 456752
ins 447 14 2
go 677149
go 103624
go 918210
go 903625
go 503734
scroll 4531
go 591512
go 1027455
go 149775
go 191371
scroll 4008
go 58296
go 108214
ins 38 2 3
go 867065
ins 255 14 2
scroll 4220
go 467918
ins 865 14 2
go 634289
go 585740
go 493767
go 6643
go 532757
go 576309
scroll 469
go 306379
go 911305
scroll 1186
scroll -1944
go 674744
go 88376
ins 13 14 2
go 993194
del 270 6 1
go 1044502
go 274008
del 702 6 1
scroll 4459
scroll 4468
scroll 1573
go 188042
go 432273
go 148799
go 940698
ins 829 1 2
ins 168 20 2
scroll 753
go 384685
go 362469
scroll 4079
scroll 1778
ins 204 19 1
scroll 4810
ins 12 4 2
go 255319
scroll 4035
go 826178
go 1056533
scroll 3642
ins 118 8 1
go 460501
scroll -834
go 606252
scroll -382
go 137622
go 640964
ins 301 15 1
go 881713
go 598267
del 524 8 2
scroll -328
go 684998
scroll -1824
scroll 283
go 956364
go 315571
go 176625
go 275673
go 556872
go 484328
ins 865 19 2
del 379 2 1
go 831769
go 1014198
go 746070
go 875259
go 675757
del 228 4 2
go 387091
del 468 0 1
scroll -2907
go 937841
go 269882
go 267119
go 110862
go 974621
go 876812
go 1062369
go 785285
go 997135
go 814651
del 435 6 2
go 762707
del 106 10 2
scroll 965
go 975809
ins 40 12 2
scroll 1645
scroll 3524
go 692497
go 209040
go 432947
go 124811
scroll 533
go 1027183
go 368926
scroll -444
scroll 4394
go 632224
scroll 1778
scroll -168
scroll 2315
scroll 1633
go 841535
go 79362
ins 548 12 3
go 608390
go 168998
scroll -1669
scroll -2616
go 367447
scroll 4704
ins 367 2 2
go 869745
scroll 538
del 753 0 2
ins 213 5 1
ins 744 9 3
scroll -1314
ins 210 9 2
go 1086400
go 538707
scroll -2727
go 211236
scroll 819
go 142883
go 347037
del 837 5 2
go 1072437
scroll -1192
del 180 5 2
go 268313
scroll -130
scroll -1968
scroll 4037
go 179304
scroll -113
ins 289 4 3
scroll 4704
scroll 207
del 407 8 2
ins 583 10 1
del 294 6 2
scroll 1206
go 530742
go 514015
scroll 61
go 219038
go 214631
go 187966
scroll 3049
go 440983
scroll -18
scroll 4088
go 488762
scroll -2929
go 847147
go 885545
go 396527
scroll 1321
go 493571
go 226609
scroll -1969
go 593934
del 505 2 2
go 568240
go 491785
scroll 1233
go 311924
go 67770
go 126833
go 969025
scroll 4787
go 956885
scroll 4440
go 43390
go 946967
scroll 3132
scroll -2292
go 928554
go 847793
scroll 1416
scroll -2144
go 115098
go 592826
go 120644
scroll -2889
scroll -80
go 380859
go 163698
scroll 1653
go 979324
go 96206
go 136402
scroll -1966
go 1011781
del 352 10 2
go 386925
go 642268
scroll -2300
go 344040
scroll 842
go 772630
del 607 6 2
go 886969
go 633568
scroll -774
go 192356
go 275544
go 576467
scroll 1429
go 110677
scroll 264
go 1005274
go 931572
scroll -2665
go 1036247
go 1041441
go 493643
go 712536
go 708507
scroll -2100
go 887895
go 896256
scroll -2226
scroll -767
go 1053088
go 833400
go 249608
go 875354
ins 615 14 2
scroll -1549
go 41943
go 237964
ins 471 12 3
scroll -1217
go 96415
scroll -186
scroll 4557
go 885276
go 812995
del 597 7 1
go 69504
del 240 8 1
go 445545
go 759870
go 257249
del 247 9 2
go 177823
ins 97 5 1
scroll 3808
go 113107
go 556629
scroll 3805
go 534567
scroll 4767
scroll 1039
scroll -580
go 708926
scroll 1175
go 1033418
go 50439
ins 553 4 2
ins 429 4 1
scroll 416
go 1007643
ins 587 12 3
ins 473 6 2
ins 365 11 2
go 683765
del 251 5 1
go 460792
scroll 2143
scroll 2800
scroll 4464
scroll 4339
scroll 1521
go 1044003
go 387928
scroll 4993
go 347807
scroll 4913
scroll -2580
go 842115
del 608 9 1
go 371426
scroll -101
scroll 3121
go 586184
go 1043896
go 507140
scroll -226
del 442 2 2
ins 631 18 1
del 67 0 2
scroll 1144
del 528 2 1
go 218586
go 130000
ins 852 4 1
go 832139
go 604235
go 86815
go 203109
go 326621
scroll -1142
go 375312
go 596254
scroll 3660
go 519130
scroll 200
go 921643
scroll 1353
go 363108
scroll -1771
go 261638
go 257806
go 1053238
scroll -2143
scroll -1314
ins 218 12 3
scroll 1382
go 630202
go 601211
go 967308
go 394759
go 772396
go 280738
ins 767 1 1
go 645198
scroll -849
go 421826
scroll -1210
del 863 0 2
go 572862
ins 672 5 2
go 1097442
go 630205
go 720796
del 569 4 2
go 590470
go 831036
ins 143 1 1
scroll -58
scroll 416
scroll 4887
scroll 325
ins 502 13 3
go 788615
go 722196
scroll -868
go 751559
scroll 4150
go 108343
go 202873
scroll 1573
go 481877
go 1096686
go 849886
go 827968
del 689 3 1
scroll 186
ins 854 4 3
go 551897
go 263627
scroll -1586
ins 668 9 2
go 638948
del 612 2 1
scroll 2120
go 405361
scroll 717
go 384948
go 315327
scroll -481
go 753744
scroll 2389
go 1000507
go 499635
scroll 4877
go 578336
go 359565
go 312212
scroll 2391
ins 751 1 2
scroll -2341
go 667136
go 92443
go 631750
go 982620
go 481654
go 818126
scroll 1513
del 787 1 1
go 390135
scroll -1847
scroll 3500
go 411292
go 150746
go 247224
scroll 508
go 98319
go 669826
go 1041896
del 386 6 2
scroll 1371
scroll -1703
go 420016
go 578444
go 780231
go 655862
ins 188 11 1
scroll 1526
go 863437
scroll -2891
go 950360
go 566771
go 659430
go 661235
go 919635
go 86229
go 987119
go 11897
go 514661
scroll 1894
scroll 4844
scroll 4541
ins 637 14 2
go 966408
go 823725
go 762273
del 119 3 1
go 200966
ins 121 9 2
go 662424
go 815972
del 768 1 2
scroll 1196
scroll 2866
go 673751
scroll 1531
go 92583
ins 44 13 2
del 215 8 1
go 663386
del 549 6 1
go 843174
ins 204 8 1
ins 868 16 2
go 254532
scroll 4894
go 617818
go 1091298
ins 834 13 2
del 279 9 1
scroll 3580
scroll 3616
go 45758
go 1075025
go 17243
go 585007
go 917508
go 458892
del 584 8 1
go 52792
scroll -407
scroll 2993
ins 137 16 1
go 595515
go 44620
go 56799
del 522 0 1
go 664898
go 712984
go 670316
go 687023
go 200544
scroll 2687
go 29935
go 72828
ins 420 7 2
go 931756
scroll -798
go 229953
scroll 3137
scroll 1164
go 72235
go 245036
del 686 9 1
ins 335 12 1
go 531895
go 492025
go 1030734
scroll -1120
go 260660
ins 334 4 2
go 216425
go 1082825
go 122769
go 346060
scroll 3797
ins 801 1 2
go 248895
go 24062
ins 496 6 2
go 433157
scroll 2196
go 40711
go 334499
go 177280
go 466826
go 452042
del 209 1 2
scroll -1363
go 140354
go 353898
ins 99 13 3
go 631327
go 57403
go 622135
scroll 3200
go 858277
ins 325 8 2
go 849172
go 267582
scroll -113
go 5443
del 261 6 1
scroll 4982
go 662998
scroll -2267
scroll 622
del 140 2 2
go 611338
go 849217
go 563479
ins 341 20 3
go 599339
scroll 3058
go 1024756
scroll 1892
go 538759
scroll 3427
scroll 4244
go 807853
go 19531
ins 414 6 3
scroll 4100
scroll 3625
scroll -2737
go 693761
go 353859
go 1055324
go 372334
go 438632
go 232624
go 891211
ins 574 1 3
scroll -2640
scroll 1852
ins 367 18 1
go 51828
scroll 4818
go 880822
go 462744
scroll 4614
go 337177
go 1036916
scroll -2199
go 668287
del 640 0 1
ins 555 13 1
go 572259
scroll -1100
scroll -2047
ins 433 7 3
scroll 4520
go 996361
go 7015
go 586311
go 939587
scroll 3472
scroll 872
go 696225
go 413476
del 732 2 2
go 863994
go 813916
go 748312
del 391 9 2
go 442647
go 52144
scroll 4266
scroll 592
go 380486
scroll 1116
go 476705
scroll 115
ins 126 20 3
ins 629 14 1
go 974244
scroll 2313
ins 537 6 1
del 745 4 2
scroll -1873
go 282591
go 892968
del 753 1 2
go 708296
scroll 151
scroll 1280
go 259070
go 695980
go 207527
scroll 240
ins 602 13 3
scroll 2145
go 119775
go 700013
scroll 1053
go 997824
go 959714
go 41405
go 137586
go 1045473
go 199728
scroll 460
scroll 2913
go 962960
go 16183
scroll -2235
go 784318
del 325 1 1
go 107701
go 436168
go 77688
go 942462
scroll 2291
go 329926
del 744 0 2
go 332171
go 75078
go 887084
ins 45 7 2
go 194778
go 1070193
scroll 2982
ins 426 18 3
go 570346
go 606868
go 692954
go 51545
go 734733
go 510998
go 533428
go 1038515
ins 119 6 1
ins 43 14 2
go 342229
go 212830
scroll -2128
del 451 8 1
ins 835 19 2
go 213915
go 132761
scroll 2528
ins 524 12 1
go 632817
go 544138
del 320 8 1
go 995341
scroll 4387
go 752600
go 564383
go 894373
go 307466
go 388486
go 57900
go 18815
go 960852
del 645 3 1
go 853209
go 1096810
ins 888 18 2
go 1097632
ins 609 20 1
del 675 3 2
scroll 492
go 566143
go 324011
go 890933
scroll 2946
go 563792
scroll -85
scroll -739
go 536376
scroll -2083
go 367904
scroll 398
go 664504
go 579040
scroll -1596
go 162743
go 835248
go 897642
scroll 26
go 628075
ins 313 6 1
scroll 1752
go 288727
ins 748 4 1
scroll 758
del 21 6 2
go 46373
go 694479
go 1071502
go 216106
go 224364
go 78141
ins 197 6 3
scroll 2446
go 698661
go 979873
go 839998
scroll -1264
go 553984
go 730684
go 172965
scroll 2519
go 125493
del 204 9 1
go 322133
scroll -360
go 887263
scroll -118
scroll -2482
del 690 6 2
del 342 6 1
go 847211
del 799 3 1
go 864018
go 888203
scroll -59
go 41899
go 800742
ins 668 1 1
scroll 3694
scroll -378
go 907170
go 37575
scroll 412
go 802669
go 128639
scroll 1019
go 81635
scroll 358
go 635418
ins 363 17 3
del 746 4 1
ins 327 6 1
del 602 4 1
scroll 3101
go 767504
ins 796 13 3
go 104970
go 79405
del 653 10 2
go 866481
go 257143
scroll -510
go 965343
go 648688
go 381339
scroll -1154
go 1005909
go 518873
go 738406
scroll -491
go 154560
scroll 3143
del 533 3 2
scroll 4592
scroll 1016
scroll 23
go 627450
scroll 1415
scroll 1751
scroll -910
del 673 8 2
go 807278
del 128 9 1
ins 150 8 2
go 480866
go 249350
go 305316
go 238402
go 79172
ins 660 9 1
scroll 4221
del 511 7 2
go 518739
go 1060709
ins 386 7 2
go 311236
go 950834
go 122888
ins 316 7 2
go 139954
go 998705
go 78729
go 182853
go 946073
scroll -2307
ins 713 5 2
scroll 1584
go 685861
go 436886
del 866 3 2
go 379370
scroll -410
go 644184
go 669538
scroll -699
scroll 4718
scroll -2837
go 215522
go 633552
scroll -1517
go 754293
go 150874
scroll 3364
go 345609
go 462444
go 21646
ins 729 1 1
go 445617
go 615851
go 229551
go 1003767
del 41 0 1
ins 732 8 2
go 323676
go 519151
scroll 3173
go 844931
scroll 4688
scroll 3742
go 1087225
go 1070924
go 1849
go 471171
go 412015
go 895236
scroll -347
del 680 5 1
go 776468
scroll -661
ins 45 1 1
scroll 1915
scroll 3500
go 1066169
go 771590
scroll 1131
go 1021650
scroll -234
scroll 2239
go 726310
go 227844
scroll -203
go 562920
go 236886
go 211650
del 656 7 1
go 1014061
go 963388
go 743534
go 134165
go 1101206
go 254257
go 581037
go 697637
scroll 2664
go 959302
del 475 1 1
go 423390
scroll -1485
scroll 4798
go 775959
go 664610
del 15 7 2
scroll 4993
ins 259 20 2
ins 553 19 1
go 391611
del 141 6 2
go 16343
go 229074
go 1037366
go 364014
go 759677
go 1057802
go 635663
go 393935
go 937743
go 214321
go 452970
scroll -1988
go 385604
go 921794
scroll 3557
del 859 7 2
scroll 793
go 716132
ins 92 17 1
del 22 6 2
scroll -159
ins 411 6 1
scroll 4687
go 663065
go 60874
scroll 983
scroll 1473
go 355762
go 415759
scroll 4523
go 745129
go 156160
del 617 8 2
go 751030
go 906848
del 344 4 2
scroll 2950
go 504500
scroll 1765
scroll 2428
ins 614 20 2
go 99964
go 31096
go 784156
scroll 4139
go 500688
go 305896
del 506 7 2
del 869 3 2
go 404280
go 1026053
scroll 3605
go 248187
del 587 8 1
scroll -2683
go 1095331
go 1018891
go 507255
del 685 6 1
scroll -642
go 206918
go 916957
scroll -859
go 330683
go 1050670
go 629548
scroll 1634
go 712657
go 767471
go 781057
del 711 0 2
go 940610
del 374 3 2
go 927328
scroll -2019
del 71 9 1
go 553569
go 795414
go 432280
go 110843
go 272641
scroll 949
go 74646
go 839418
ins 623 15 2
go 809251
go 917406
scroll -1181
go 867468
go 966528
go 58085
go 124751
go 70437
scroll -90
go 126966
ins 694 13 2
scroll 2847
scroll 2136
ins 39 8 3
go 1019185
go 471563
ins 595 17 2
go 224936
scroll 1981
go 390775
scroll 1870
scroll 4274
go 164601
go 624257
go 100008
ins 301 12 3
scroll 4301
go 690894
scroll 4035
go 889771
go 535482
go 17035
go 464942
go 154154
scroll 3100
ins 269 15 1
go 402490
scroll -483
scroll 4978
go 390121
scroll 1231
del 319 8 2
go 792645
scroll -1922
ins 737 7 2
go 77505
go 366090
del 803 10 2
scroll 1307
go 305839
scroll 1312
go 754632
go 705763
go 346866
del 328 0 1
go 718160
ins 602 18 3
go 35281
go 850171
del 537 4 2
go 608375
del 226 7 2
go 580213
scroll 2280
scroll -896
go 354688
ins 416 0 1
scroll 927
go 880133
scroll 3357
scroll -1261
go 730447
go 212258
del 41 10 1
ins 249 14 2
scroll 4460
ins 740 3 3
scroll 4418
scroll 4095
scroll -660
go 1051531
scroll 1595
go 913798
go 1034152
del 707 10 2
go 188072
scroll 2240
go 1005818
go 493503
del 156 6 2
ins 595 4 3
go 2213
go 903030
go 1068098
go 629324
scroll 1900
go 346516
go 732521
go 259520
go 129495
go 76376
go 257983
go 96055
go 318459
go 146042
go 769897
go 860838
del 668 9 2
del 376 8 1
go 256624
go 755821
del 624 9 1
ins 521 2 2
del 718 0 1
go 374165
go 955437
go 819541
scroll 1176
scroll 3706
go 500678
scroll -548
go 250987
go 624178
del 548 0 2
go 753159
scroll 3310
scroll -763
scroll 3426
go 1001924
go 813232
go 393367
scroll -1452
go 61406
go 838429
ins 408 19 1
go 56413
go 705644
go 974662
go 670759
go 990601
go 881586
go 577167
go 634479
go 78092
del 176 3 1
scroll -1838
go 101913
go 317129
ins 685 11 1
go 882750
go 846920
go 231586
go 347255
go 707990
go 964737
del 104 6 1
go 881952
scroll 3502
go 268467
go 220474
go 1021955
go 114782
scroll 1095
go 76895
scroll 4560
go 925555
go 152874
go 922248
go 1023174
go 896720
ins 826 1 1
go 241642
go 161635
scroll 2035
go 565724
go 199931
go 787196
go 173583
go 414792
go 982223
go 227227
go 140211
go 179352
scroll 4946
del 355 5 1
scroll -2057
go 824156
go 718251
go 614649
del 803 7 1
go 518077
del 506 10 1
ins 197 9 1
ins 508 17 1
go 216369
go 183118
scroll -2090
scroll 2121
go 335418
go 339513
go 177727
go 285542
go 427378
scroll 2614
go 504775
ins 553 0 1
go 43628
go 453481
go 495430
del 663 9 2
go 66742
go 652377
go 534625
scroll 1910
go 594206
go 1028058
go 276548
go 852078
go 743662
ins 557 15 1
go 72891
scroll 4807
go 434940
go 163794
go 726894
go 340428
go 504198
go 803585
go 1094688
scroll 4443
go 420218
del 89 5 2
scroll 2266
go 799021
go 539352
go 1099913
go 1077482
scroll -2902
go 293066
del 683 5 2
go 490267
go 38846
del 309 9 1
go 154996
go 615554
go 45291
go 979904
go 452249
scroll -1790
scroll 3868
scroll 2951
go 9772
go 60010
go 1029361
go 519729
scroll 1087
go 370755
go 831815
scroll -2647
go 843326
scroll -662
go 534377
go 162021
go 675900
scroll 703
go 1088215
scroll -299
go 383378
scroll -1824
del 166 2 1
scroll 2899
scroll 1741
scroll 1125
go 61788
ins 625 16 2
scroll 4131
go 1011264
scroll -368
go 24918
scroll 1573
ins 285 20 3
scroll 3943
ins 87 17 1
scroll 2439
go 404738
go 26875
del 877 1 1
go 958784
go 619733
go 816684
go 730357
go 628791
scroll -2635
ins 444 19 3
del 331 5 1
go 866917
go 403050
go 11926
go 82741
scroll 2342
go 603324
go 559921
ins 211 10 3
ins 749 10 3
go 945186
go 115115
go 165633
go 495297
scroll -2188
scroll 365
go 194456
go 266290
del 876 7 2
go 177797
go 181386
ins 723 1 2
go 895170
del 172 6 2
go 802012
scroll -1350
go 1020406
del 836 4 1
ins 771 6 1
go 597231
go 245440
go 402745
ins 263 18 1
go 713836
scroll -31
scroll 266
scroll -2290
go 619780
go 448852
go 554656
go 707770
go 587238
go 319398
scroll -1875
scroll -1052
go 777543
go 424914
go 1077699
go 466635
go 587620
go 219892
scroll 4193
scroll -193
go 899602
go 193090
go 297324
go 722374
go 800019
go 912807
go 496089
del 564 8 1
go 482540
go 172173
go 553789
scroll -2124
go 867916
scroll -1517
scroll 3507
scroll 3217
go 422300
del 663 1 1
go 1055595
ins 130 20 3
go 888112
scroll -329
go 113287
ins 127 14 2
ins 407 18 2
go 26211
go 1058828
scroll -2829
go 7422
go 1068773
del 619 10 2
go 602513
go 628734
go 179415
scroll 4990
go 792352
ins 481 12 2
go 1024258
del 150 7 1
go 11097
go 735238
scroll 4277
ins 726 11 1
go 1026365
scroll 2498
scroll 1643
del 286 0 1
go 27460
scroll 3458
scroll -1294
scroll 2267
del 651 1 1
scroll 3486
go 833321
go 12772
scroll -2811
go 262131
go 899365
go 228906
ins 176 17 3
ins 261 17 1
go 279552
go 434543
go 285863
ins 662 0 2
go 332235
scroll 1507
scroll 1170
go 786835
scroll 184
go 759894
go 888854
scroll 3989
go 54297
scroll 2584
go 126066
scroll 3880
del 341 1 2
go 417419
del 454 8 2
go 813936
ins 442 10 3
go 280184
scroll 2927
go 502404
go 527585
go 805398
go 67721
go 415723
scroll 1702
del 137 5 1
go 193762
scroll -96
scroll -1114
go 643076
go 230295
go 203905
scroll 675
go 594403
go 505995
go 176518
go 939707
go 996530
go 397252
go 68404
scroll -1220
scroll -2938
go 292163
scroll 413
del 578 7 2
go 460042
go 157383
scroll -2489
go 317252
scroll 4148
go 156101
scroll 1915
scroll 4504
scroll 592
go 691537
scroll 4653
ins 350 12 3
ins 213 16 1
del 829 7 1
ins 335 3 1
go 398430
scroll 3887
go 766374
go 206812
del 799 4 2
go 928045
del 2 0 1
go 410028
del 93 0 2
del 565 6 1
scroll -2621
ins 14 15 2
del 765 7 1
scroll 3268
scroll 1456
del 380 3 1
go 970116
scroll 1323
go 427079
go 613796
scroll 2392
scroll 4758
go 446686
go 628863
del 475 1 2
del 363 8 1
go 1083441
scroll 4801
ins 880 13 3
ins 821 13 3
go 630634
ins 418 18 2
go 456529
go 1071014
go 38938
del 679 3 2
scroll -1039
go 189046
go 311758
go 928402
del 656 4 2
go 796130
scroll 1695
go 212544
go 851107
scroll 2461
go 558707
go 443718
go 842976
scroll 2081
scroll 4054
ins 839 13 2
go 1047208
go 402329
ins 42 9 1
del 194 3 2
go 785758
go 210757
go 755723
go 440070
del 779 10 1
go 155379
ins 312 19 3
go 530707
go 932720
go 1034160
go 332560
scroll 1653
go 186070
go 486144
go 618212
go 368173
scroll 4185
del 337 7 1
go 1071178
go 65115
scroll 4577
go 70584
go 714686
go 631554
ins 326 6 1
go 682875
ins 839 0 1
go 892068
ins 561 9 2
go 640519
go 988187
go 577162
ins 846 14 1
go 1054681
go 352027
go 518977
go 1096698
del 155 4 1
go 383177
go 71478
scroll 541
go 386518
ins 269 20 1
ins 675 1 1
go 510859
go 91240
scroll 4682
go 355010
go 488465
ins 578 0 3
go 573574
ins 584 0 2
go 168855
go 872963
go 679165
scroll 534
scroll -2348
go 891933
scroll 2845
del 248 2 2
go 128449
ins 311 8 2
del 727 3 1
go 665851
go 378599
scroll 2444
go 1039996
del 477 1 2
go 768493
go 893832
go 985595
go 317399
del 551 10 2
go 61351
go 568104
go 376003
del 773 6 2
scroll -423
del 436 3 2
go 860440
go 604482
ins 140 19 3
go 329219
del 763 0 1
go 615401
go 831416
scroll -2963
go 100665
del 629 3 1
go 447875
go 472291
scroll 1286
go 288464
go 941060
scroll -26
ins 54 9 3
go 398863
go 886609
scroll 1300
scroll -1215
scroll 4761
scroll 348
scroll -2435
ins 190 13 2
go 847767
scroll -2860
go 447169
scroll 493
go 414078
scroll -1746
go 177154
ins 120 1 1
go 737792
go 825258
go 659721
scroll 83
scroll 882
go 141071
go 1064539
scroll 1407
go 476229
go 773427
go 382282
del 868 6 1
go 24224
go 940722
go 922959
go 923194
go 352460
go 120723
ins 536 1 3
go 404826
go 382350
go 713593
go 119217
go 962365
go 141012
go 771349
go 343712
scroll 1771
go 820580
go 413096
go 846311
go 233147
go 265281
go 1095787
ins 864 14 3
go 361021
go 651448
ins 76 20 3
scroll 2085
go 1015764
ins 780 14 3
go 112956
scroll 4286
go 478357
ins 554 3 2
scroll 828
del 141 8 1
go 25755
go 409486
del 585 0 2
go 466622
go 1077921
go 806586
go 816173
go 906446
scroll -153
go 692197
go 1095830
scroll 1218
del 490 1 2
go 36695
go 1016585
go 193053
scroll 4346
go 771193
go 88608
go 188253
ins 157 17 2
go 183506
go 55030
go 18387
ins 356 10 3
go 920815
go 829955
go 758212
go 175513
scroll 2645
go 993375
go 274617
scroll 912
scroll 1002
go 528852
go 369758
del 429 5 2
go 743199
go 587532
scroll -2408
go 226744
scroll -1175
go 719129
go 177101
go 556155
ins 857 13 1
scroll 1016
go 207277
scroll 2962
scroll 2036
go 462707
scroll 2572
go 759105
scroll 655
scroll 250
go 1041517
go 1020034
go 178900
scroll -2377
go 418610
scroll 3199
go 607142
go 137593
go 632039
go 137547
scroll -543
go 572488
go 964755
go 396986
go 510636
scroll 2690
scroll -1407
scroll 566
del 240 4 1
scroll 3552
go 949462
ins 331 2 3
go 290483
go 233175
go 620923
go 481112
go 859503
go 1098263
del 864 2 1
scroll -658
go 951424
go 589369
go 378763
go 507866
scroll 1663
go 160345
del 889 5 2
go 862437
go 65823
scroll 4197
scroll 988
scroll 2320
scroll -2322
go 913939
go 349814
go 536883
go 67701
go 971123
go 942397
scroll 2707
del 472 6 2
go 515969
del 317 2 2
go 685843
go 541060
go 50981
go 669759
scroll -385
del 165 8 1
scroll 915
go 650876
scroll 1370
ins 786 9 3
go 48244
scroll 1821
del 157 1 2
go 896796
go 213245
del 887 9 2
go 510455
go 517937
go 1034897
go 740521
go 1088350
scroll 1380
go 543874
scroll 1188
go 257527
go 733740
go 60255
go 864542
go 508511
scroll 729
scroll -524
scroll 2004
go 812185
ins 769 19 3
go 110563
go 391864
go 488871
go 52442
go 1030659
go 367260
go 761964
go 510710
go 347335
go 176553
scroll -1853
go 1093434
go 161101
go 490922
scroll 4000
scroll -2595
go 428582
go 1059634
go 961243
scroll 2724
go 617950
scroll 888
scroll 1306
go 915012
go 56412
go 605168
del 173 10 1
go 1090602
go 253204
go 943804
go 759777
go 197704
scroll 3817
go 979363
scroll -2345
ins 173 9 2
go 692543
go 590269
go 1095965
scroll 2991
go 1037637
go 677371
go 686863
go 101187
go 437605
go 794886
go 624308
go 258149
go 153439
go 328593
scroll 3731
scroll 1751
scroll 1173
go 690904
scroll 4074
go 323015
go 11730
go 286693
scroll -2866
go 984341
del 591 10 2
go 159869
scroll 3946
go 280317
del 762 10 1
ins 45 2 2
del 387 6 1
go 709075
go 452994
go 290683
go 251315
go 79211
go 152736
go 789969
go 747011
go 80252
go 1073539
go 4593
go 647753
go 537223
scroll 4539
go 270383
go 262703
go 527649
ins 257 15 2
go 121221
del 533 0 1
go 481919
scroll 3043
go 1100750
go 701560
go 570618
scroll -820
go 372227
scroll -1930
go 868021
ins 261 16 1
ins 676 10 1
scroll -2161
go 91204
scroll 1677
scroll -2250
go 49036
go 217009
go 8463
ins 143 9 2
go 1031263
ins 413 13 1
ins 63 18 1
go 682286
go 562943
go 60368
go 124453
del 149 4 1
del 222 2 1
go 327782
go 236197
scroll -1500
go 864808
go 711651
scroll 1333
ins 270 3 1
go 874240
go 42679
go 342190
go 1068218
go 561291
go 223100
scroll -1252
go 910164
go 85021
go 972801
scroll 3222
go 914605
scroll -550
ins 77 8 1
go 746014
scroll 4314
go 729570
scroll 3984
scroll 578
go 1050316
go 1039012
go 942422
go 748533
go 959191
scroll 1556
scroll 362
go 997552
del 93 7 1
ins 597 11 2
ins 269 13 2
go 829682
go 886721
go 824673
go 355688
go 965389
go 130714
go 983678
go 1024882
scroll 2500
del 774 1 2
go 128187
go 59066
scroll 3671
go 471027
go 1082660
go 651970
scroll -2399
scroll -2452
go 582755
go 921593
scroll 4295
scroll -1527
go 411667
scroll -449
go 849938
go 314773
go 902336
go 381920
scroll 2047
go 494925
scroll 4640
scroll -474
go 23236
scroll -2851
scroll 2391
scroll 598
go 832622
del 864 10 1
go 146027
del 376 1 1
scroll 1967
scroll 4416
scroll -2337
go 536367
go 901516
del 531 0 1
go 63210
scroll 3567
scroll -1212
go 445073
scroll 1583
go 693319
go 751911
scroll -724
go 198848
scroll 166
go 913852
go 998638
go 286022
del 507 8 2
ins 379 20 3
go 1081877
go 122168
go 534415
go 507559
go 440850
ins 596 13 2
go 837101
ins 194 10 2
go 649666
scroll 924
go 820487
scroll -2034
go 362960
go 253223
go 648894
del 415 9 1
del 443 6 2
go 488840
go 931675
go 939135
go 632535
go 665844
go 997224
scroll -39
del 873 8 1
del 278 5 1
go 444492
go 318506
go 521538
go 629283
go 918776
del 360 3 2
go 236494
go 734640
go 936292
go 680436
go 837074
go 470762
go 246474
scroll -1484
ins 652 7 3
go 430131
del 677 6 2
go 972200
del 95 1 2
go 165045
go 135455
go 716225
scroll 1850
go 1007852
go 981691
go 746636
go 731351
ins 519 13 2
scroll -392
ins 558 8 3
go 387405
ins 809 9 1
go 112086
scroll -1113
scroll -791
go 628714
go 821820
go 1098770
scroll -1255
scroll 1888
go 406020
go 323034
del 343 10 2
scroll -748
go 321162
go 268288
scroll 1309
scroll -1588
go 236115
go 674950
scroll 1329
scroll 2364
ins 778 13 3
go 689682
del 588 4 2
del 434 9 1
ins 719 15 2
go 782598
go 307944
scroll 3722
go 221364
go 730775
scroll -1203
go 123791
scroll 271
del 343 8 2
ins 875 20 2
del 614 8 2
scroll -135
del 98 3 1
go 868281
go 765556
go 907674
go 1044471
go 1045327
go 668849
go 809758
scroll -1436
go 97586
ins 691 12 3
ins 29 6 1
go 725581
go 17650
go 851933
go 594133
go 107413
go 885729
scroll 4585
go 744911
go 1313
go 608405
del 92 1 2
go 801922
ins 174 16 3
go 98191
scroll 1316
ins 90 9 1
scroll 3428
go 989646
go 123102
scroll 4466
go 987880
go 816108
go 376103
go 369518
del 315 4 1
go 619318
go 993445
go 775024
del 487 6 2
scroll -1117
go 178884
go 206448
scroll 508
ins 686 9 1
ins 513 2 1
ins 668 18 3
go 87390
go 86225
scroll -1361
go 476614
del 156 6 1
scroll 4145
go 93740
go 396501
go 227346
go 730329
scroll 4309
go 674062
del 168 5 1
del 805 2 2
scroll -2211
go 830826
go 281487
go 140185
go 323226
go 706963
go 442801
go 1003973
del 179 5 2
go 838900
scroll -338
scroll 493
go 173739
ins 395 8 1
scroll -1511
go 167760
del 36 4 1
go 200185
go 182943
go 480038
go 959307
go 117148
del 562 1 1
go 419325
scroll -600
del 207 9 1
del 708 5 1
del 861 10 2
go 81734
scroll -2798
ins 119 8 1
del 446 8 1
go 483858
scroll 4232
scroll -916
