open 1
put 1 9 0
put 1 36 3
put 1 48 0
put 1 50 1
put 1 61 5
put 1 73 1
put 1 94 3
put 1 104 4
put 1 119 4
put 1 129 3
put 1 132 3
put 1 149 0
put 1 168 1
put 1 169 4
put 1 171 5
put 1 176 2
put 1 179 3
put 1 182 1
put 1 189 3
put 1 203 0
put 1 222 1
put 1 235 4
put 1 250 3
put 1 251 2
put 1 260 0
put 1 262 5
put 1 265 5
put 1 279 2
put 1 299 5
put 1 346 0
put 1 355 5
put 1 396 5
put 1 397 1
put 1 402 3
put 1 407 1
put 1 410 1
put 1 412 1
put 1 420 0
put 1 427 3
put 1 443 4
put 1 451 4
put 1 517 1
put 1 520 5
put 1 535 4
put 1 536 0
put 1 559 0
put 1 563 4
put 1 566 2
put 1 569 3
put 1 595 5
put 1 596 0
put 1 603 1
put 1 606 4
put 1 607 5
put 1 610 5
put 1 616 5
put 1 625 0
put 1 641 2
put 1 656 1
put 1 693 3
put 1 695 1
put 1 699 3
put 1 708 3
put 1 740 3
put 1 773 3
put 1 830 5
put 1 839 5
put 1 849 3
put 1 865 2
put 1 872 3
put 1 889 3
put 1 894 0
put 1 899 1
put 1 900 1
put 1 920 2
put 1 922 4
put 1 932 2
put 1 933 3
put 1 942 4
put 1 963 4
put 1 970 3
put 1 1012 2
put 1 1018 2
put 1 1030 4
put 1 1033 1
put 1 1040 2
put 1 1044 4
put 1 1049 1
put 1 1056 0
put 1 1060 0
put 1 1064 3
put 1 1065 0
put 1 1103 4
put 1 1104 0
put 1 1122 5
put 1 1132 4
put 1 1135 2
put 1 1169 1
put 1 1175 0
put 1 1176 4
put 1 1198 5
put 1 1218 3
put 1 1232 5
put 1 1234 4
put 1 1244 2
put 1 1251 1
put 1 1258 3
put 1 1281 2
put 1 1287 2
put 1 1288 2
put 1 1289 2
put 1 1292 0
put 1 1303 2
put 1 1320 0
put 1 1322 0
put 1 1328 4
put 1 1352 3
put 1 1369 1
put 1 1378 4
put 1 1395 5
put 1 1402 5
put 1 1408 0
put 1 1419 1
put 1 1441 3
put 1 1501 3
put 1 1514 0
put 1 1515 0
put 1 1523 4
put 1 1524 2
put 1 1528 4
put 1 1550 1
put 1 1551 1
put 1 1554 1
put 1 1558 5
put 1 1583 3
put 1 1596 5
put 1 1597 5
put 1 1601 2
put 1 1611 4
put 1 1623 0
put 1 1637 5
put 1 1641 5
put 1 1664 4
put 1 1668 2
put 1 1673 0
put 1 1689 5
put 1 1700 2
put 1 1712 3
put 1 1713 5
put 1 1727 1
put 1 1746 0
put 1 1756 1
put 1 1798 3
put 1 1811 0
put 1 1812 4
put 1 1813 5
put 1 1819 3
put 1 1828 3
put 1 1841 1
put 1 1846 3
put 1 1849 1
put 1 1855 3
put 1 1864 0
put 1 1876 0
put 1 1907 1
put 1 1925 1
put 1 1942 3
put 1 1948 0
put 1 1961 4
put 1 1965 4
put 1 1991 3
put 1 2011 0
put 1 2021 5
put 1 2023 3
put 1 2026 3
put 1 2042 0
put 1 2043 3
put 1 2116 4
put 1 2121 5
put 1 2127 4
put 1 2130 4
put 1 2136 4
put 1 2137 4
put 1 2145 3
put 1 2155 1
put 1 2156 3
put 1 2167 5
put 1 2175 0
put 1 2187 3
put 1 2192 1
put 1 2196 4
put 1 2201 2
put 1 2226 2
put 1 2230 3
put 1 2248 0
put 1 2268 0
put 1 2287 0
put 1 2304 5
put 1 2321 3
put 1 2322 0
put 1 2323 5
put 1 2348 1
put 1 2360 1
put 1 2361 4
put 1 2384 0
put 1 2387 0
put 1 2394 3
put 1 2408 3
put 1 2421 0
put 1 2425 2
put 1 2428 0
put 1 2429 0
put 1 2437 3
put 1 2455 2
put 1 2457 3
put 1 2462 2
put 1 2479 2
put 1 2487 1
put 1 2502 0
put 1 2511 2
put 1 2522 2
put 1 2527 2
put 1 2555 5
put 1 2565 4
put 1 2573 3
put 1 2576 3
put 1 2582 0
put 1 2590 1
put 1 2597 4
put 1 2602 1
put 1 2606 0
put 1 2621 5
put 1 2623 4
put 1 2688 1
put 1 2707 5
put 1 2716 1
put 1 2718 2
put 1 2727 5
put 1 2730 3
put 1 2746 0
put 1 2747 4
put 1 2756 5
put 1 2769 2
put 1 2770 3
put 1 2790 2
put 1 2798 5
put 1 2801 1
put 1 2864 2
put 1 2866 0
put 1 2869 1
put 1 2873 0
put 1 2883 1
put 1 2906 5
put 1 2914 4
put 1 2916 1
put 1 2922 0
put 1 2967 3
put 1 2976 3
put 1 3023 2
put 1 3029 3
put 1 3034 1
put 1 3067 2
put 1 3079 5
put 1 3082 1
put 1 3088 3
put 1 3110 5
put 1 3117 1
put 1 3123 1
put 1 3132 0
put 1 3140 1
put 1 3156 3
put 1 3195 0
put 1 3200 0
put 1 3218 3
put 1 3224 5
put 1 3232 4
put 1 3234 1
put 1 3245 4
put 1 3260 4
put 1 3277 1
put 1 3278 3
put 1 3281 3
put 1 3284 4
put 1 3286 1
put 1 3293 3
put 1 3305 0
put 1 3314 5
put 1 3348 2
put 1 3353 2
put 1 3376 3
put 1 3395 3
put 1 3397 5
put 1 3398 1
put 1 3403 0
put 1 3423 2
put 1 3431 0
put 1 3432 5
put 1 3445 1
put 1 3474 1
put 1 3482 5
put 1 3499 0
put 1 3543 0
put 1 3552 4
put 1 3553 2
put 1 3602 4
put 1 3614 5
put 1 3615 1
put 1 3622 2
put 1 3637 2
put 1 3649 0
put 1 3675 4
put 1 3677 3
put 1 3679 5
put 1 3695 1
put 1 3699 0
put 1 3707 3
put 1 3733 1
put 1 3735 5
put 1 3741 3
put 1 3745 5
put 1 3754 4
put 1 3758 0
put 1 3780 5
put 1 3788 0
put 1 3806 3
put 1 3807 4
put 1 3813 0
put 1 3828 1
put 1 3836 2
put 1 3859 2
put 1 3876 0
put 1 3886 4
put 1 3929 3
put 1 3937 5
put 1 3938 2
put 1 3939 3
put 1 3967 5
put 1 3969 5
put 1 3970 0
put 1 3972 2
put 1 3998 1
put 1 4009 5
put 1 4015 4
put 1 4016 1
put 1 4025 3
put 1 4030 4
put 1 4038 3
put 1 4048 5
put 1 4049 2
put 1 4074 3
put 1 4076 1
put 1 4078 1
put 1 4083 3
put 1 4087 5
put 1 4089 4
put 1 4100 4
put 1 4109 4
put 1 4116 1
put 1 4121 3
put 1 4131 4
put 1 4157 5
put 1 4185 2
put 1 4190 0
put 1 4191 1
put 1 4199 5
put 1 4200 1
put 1 4207 5
put 1 4209 4
put 1 4223 4
put 1 4225 0
put 1 4226 3
put 1 4238 3
put 1 4268 3
put 1 4275 5
put 1 4279 1
put 1 4282 5
put 1 4295 1
put 1 4313 1
put 1 4330 1
put 1 4335 0
put 1 4345 2
put 1 4346 3
put 1 4348 4
put 1 4349 1
put 1 4355 5
put 1 4356 0
put 1 4358 5
put 1 4375 4
put 1 4382 3
put 1 4395 4
put 1 4398 4
put 1 4403 3
put 1 4410 4
put 1 4428 4
put 1 4436 2
put 1 4438 2
put 1 4444 0
put 1 4453 5
put 1 4454 4
put 1 4457 1
put 1 4483 5
put 1 4524 5
put 1 4538 1
put 1 4547 3
put 1 4550 4
put 1 4572 2
put 1 4579 5
put 1 4593 3
put 1 4618 1
put 1 4624 2
put 1 4638 2
put 1 4639 4
put 1 4676 1
put 1 4681 4
put 1 4715 3
put 1 4718 0
put 1 4740 1
put 1 4746 2
put 1 4750 4
put 1 4751 3
put 1 4773 3
put 1 4784 2
put 1 4786 1
put 1 4788 2
put 1 4796 1
put 1 4797 1
put 1 4802 4
put 1 4810 4
put 1 4817 5
put 1 4824 0
put 1 4825 5
put 1 4857 0
put 1 4873 4
put 1 4875 4
put 1 4887 1
put 1 4895 1
put 1 4909 4
put 1 4920 4
put 1 4954 0
put 1 4963 1
put 1 4974 5
put 1 4992 0
put 1 5009 2
put 1 5023 3
put 1 5029 4
put 1 5049 5
put 1 5072 3
put 1 5073 5
put 1 5078 5
put 1 5089 0
put 1 5103 3
put 1 5106 5
put 1 5115 2
put 1 5121 0
put 1 5149 1
put 1 5151 2
put 1 5171 0
put 1 5173 1
put 1 5181 0
put 1 5195 2
put 1 5208 0
put 1 5215 2
put 1 5232 4
put 1 5233 4
put 1 5244 4
put 1 5245 0
put 1 5250 2
put 1 5283 3
put 1 5293 4
put 1 5302 4
put 1 5313 2
put 1 5324 4
put 1 5333 1
put 1 5346 0
put 1 5351 5
put 1 5369 4
put 1 5378 2
put 1 5391 0
put 1 5403 2
put 1 5412 4
put 1 5418 0
put 1 5442 4
put 1 5464 4
put 1 5470 3
put 1 5471 5
put 1 5485 5
put 1 5487 2
put 1 5493 1
put 1 5501 0
put 1 5533 5
put 1 5551 5
put 1 5556 2
put 1 5562 5
put 1 5564 1
put 1 5568 2
put 1 5594 3
put 1 5607 1
put 1 5625 3
put 1 5646 5
put 1 5654 2
put 1 5662 4
put 1 5683 3
put 1 5687 3
put 1 5696 5
put 1 5701 4
put 1 5710 4
put 1 5713 2
put 1 5719 5
put 1 5722 3
put 1 5730 1
put 1 5736 1
put 1 5740 3
put 1 5744 0
put 1 5751 1
put 1 5771 1
put 1 5775 0
put 1 5783 1
put 1 5784 2
put 1 5812 3
put 1 5815 1
put 1 5818 3
put 1 5841 2
put 1 5843 2
put 1 5854 2
put 1 5864 3
put 1 5866 4
put 1 5869 4
put 1 5870 1
put 1 5872 0
put 1 5884 0
put 1 5915 0
put 1 5923 4
put 1 5925 2
put 1 5957 4
put 1 5961 5
put 1 5963 4
put 1 5977 2
put 1 5978 2
put 1 5983 0
put 1 6020 5
put 1 6022 1
put 1 6037 5
put 1 6062 1
put 1 6086 3
put 1 6087 0
put 1 6102 0
put 1 6138 4
put 1 6142 2
put 1 6148 3
put 1 6162 0
put 1 6183 1
put 1 6212 2
put 1 6215 1
put 1 6233 3
put 1 6241 5
put 1 6242 5
put 1 6247 4
put 1 6251 4
put 1 6252 3
put 1 6253 0
put 1 6255 0
put 1 6257 2
put 1 6266 2
put 1 6277 5
put 1 6283 4
put 1 6308 5
put 1 6329 3
put 1 6350 0
put 1 6354 1
put 1 6386 5
put 1 6408 5
put 1 6450 0
put 1 6479 0
put 1 6486 3
put 1 6509 4
put 1 6518 0
put 1 6520 1
put 1 6522 0
put 1 6531 0
put 1 6538 4
put 1 6541 3
put 1 6543 2
put 1 6556 1
put 1 6562 4
put 1 6573 3
put 1 6627 3
put 1 6634 5
put 1 6641 4
put 1 6643 4
put 1 6651 0
put 1 6674 1
put 1 6687 0
put 1 6696 1
put 1 6701 0
put 1 6754 0
put 1 6755 0
put 1 6761 5
put 1 6763 2
put 1 6780 3
put 1 6787 3
put 1 6800 5
put 1 6802 3
put 1 6813 1
put 1 6851 3
put 1 6869 5
put 1 6877 4
put 1 6890 5
put 1 6891 0
put 1 6894 4
put 1 6916 3
put 1 6917 1
put 1 6930 3
put 1 6933 1
put 1 6938 2
put 1 6946 0
put 1 6947 0
put 1 6951 0
put 1 6969 1
put 1 6973 2
put 1 7028 2
put 1 7031 0
put 1 7032 5
put 1 7036 1
put 1 7049 2
put 1 7061 2
put 1 7076 5
put 1 7080 0
put 1 7101 2
put 1 7104 1
put 1 7117 3
put 1 7130 5
put 1 7132 4
put 1 7135 1
put 1 7142 5
put 1 7154 4
put 1 7155 0
put 1 7167 1
put 1 7174 0
put 1 7229 4
put 1 7233 3
put 1 7234 0
put 1 7243 4
put 1 7251 1
put 1 7254 1
put 1 7260 2
put 1 7285 4
put 1 7301 2
put 1 7307 0
put 1 7308 1
put 1 7313 5
put 1 7320 3
put 1 7321 4
put 1 7328 3
put 1 7365 0
put 1 7391 2
put 1 7409 4
put 1 7410 0
put 1 7416 2
put 1 7454 1
put 1 7457 1
put 1 7467 1
put 1 7475 0
put 1 7477 4
put 1 7493 1
put 1 7516 4
put 1 7529 0
put 1 7531 2
put 1 7533 1
put 1 7539 2
put 1 7575 5
put 1 7585 4
put 1 7586 5
put 1 7606 3
put 1 7610 4
put 1 7621 2
put 1 7629 2
put 1 7646 5
put 1 7661 4
put 1 7665 1
put 1 7674 2
put 1 7698 4
put 1 7701 1
put 1 7708 5
put 1 7732 1
put 1 7735 2
put 1 7745 0
put 1 7765 0
put 1 7768 2
put 1 7781 5
put 1 7784 0
put 1 7789 4
put 1 7797 3
put 1 7810 5
put 1 7835 1
put 1 7860 0
put 1 7864 1
put 1 7880 1
put 1 7898 1
put 1 7928 4
put 1 7941 1
put 1 7960 3
put 1 7990 5
put 1 7995 3
put 1 8028 1
put 1 8033 0
put 1 8047 3
put 1 8050 5
put 1 8064 2
put 1 8075 4
put 1 8096 5
put 1 8100 4
put 1 8116 4
put 1 8118 4
put 1 8121 2
put 1 8123 2
put 1 8128 3
put 1 8149 3
put 1 8166 0
put 1 8174 1
put 1 8176 4
put 1 8185 0
put 1 8217 2
put 1 8219 5
put 1 8222 1
put 1 8237 3
put 1 8239 1
put 1 8251 2
put 1 8252 2
put 1 8279 1
put 1 8283 0
put 1 8284 5
put 1 8300 5
put 1 8328 1
put 1 8329 5
put 1 8331 3
put 1 8334 2
put 1 8343 0
put 1 8356 2
put 1 8370 2
put 1 8378 0
put 1 8384 4
put 1 8396 4
put 1 8397 3
put 1 8400 3
put 1 8403 0
put 1 8460 5
put 1 8470 2
put 1 8471 0
put 1 8498 5
put 1 8502 3
put 1 8523 1
put 1 8543 3
put 1 8569 5
put 1 8578 4
put 1 8600 2
put 1 8611 3
put 1 8639 1
put 1 8662 2
put 1 8673 4
put 1 8674 3
put 1 8689 1
put 1 8692 2
put 1 8696 4
put 1 8704 1
put 1 8724 0
put 1 8734 0
put 1 8748 1
put 1 8749 1
put 1 8753 0
put 1 8770 5
put 1 8792 3
put 1 8806 3
put 1 8808 4
put 1 8809 4
put 1 8810 5
put 1 8814 0
put 1 8827 3
put 1 8830 4
put 1 8836 2
put 1 8855 0
put 1 8878 1
put 1 8896 3
put 1 8905 0
put 1 8931 2
put 1 8939 5
put 1 8941 5
put 1 8956 0
put 1 8966 5
put 1 8985 3
put 1 9001 5
put 1 9012 4
put 1 9015 0
put 1 9028 4
put 1 9039 0
put 1 9071 4
put 1 9076 2
put 1 9079 2
put 1 9091 2
put 1 9106 5
put 1 9109 4
put 1 9113 2
put 1 9127 1
put 1 9135 2
put 1 9142 0
put 1 9151 4
put 1 9179 3
put 1 9206 5
put 1 9226 4
put 1 9250 5
put 1 9261 1
put 1 9266 3
put 1 9283 4
put 1 9285 4
put 1 9293 2
put 1 9298 5
put 1 9326 1
put 1 9337 0
put 1 9343 4
put 1 9347 2
put 1 9349 3
put 1 9350 4
put 1 9352 5
put 1 9356 2
put 1 9358 1
put 1 9370 2
put 1 9374 5
put 1 9378 5
put 1 9379 0
put 1 9390 5
put 1 9415 3
put 1 9424 4
put 1 9436 4
put 1 9480 4
put 1 9523 2
put 1 9525 1
put 1 9528 1
put 1 9529 5
put 1 9540 0
put 1 9549 3
put 1 9602 5
put 1 9610 3
put 1 9629 1
put 1 9633 4
put 1 9634 4
put 1 9641 0
put 1 9655 0
put 1 9662 2
put 1 9687 0
put 1 9701 2
put 1 9713 3
put 1 9733 2
put 1 9746 1
put 1 9774 0
put 1 9776 5
put 1 9793 1
put 1 9802 1
put 1 9803 5
put 1 9813 5
put 1 9820 4
put 1 9828 2
put 1 9830 4
put 1 9833 1
put 1 9835 1
put 1 9843 1
put 1 9845 5
put 1 9856 0
put 1 9877 1
put 1 9895 5
put 1 9904 3
put 1 9923 4
put 1 9951 1
put 1 9965 1
put 1 9966 2
put 1 9973 2
put 1 9977 3
put 1 9982 3
put 1 9996 2
put 1 10023 0
put 1 10054 4
put 1 10098 0
put 1 10099 2
put 1 10114 3
put 1 10122 0
put 1 10153 4
put 1 10172 2
put 1 10180 5
put 1 10193 4
put 1 10226 2
put 1 10231 4
put 1 10260 0
put 1 10267 3
put 1 10268 0
put 1 10269 0
put 1 10286 2
put 1 10300 1
put 1 10304 5
put 1 10320 1
put 1 10322 1
put 1 10332 0
put 1 10349 5
put 1 10353 4
put 1 10367 0
put 1 10378 4
put 1 10405 4
put 1 10415 3
put 1 10449 5
put 1 10463 1
put 1 10471 1
put 1 10491 5
put 1 10492 0
put 1 10515 4
put 1 10529 0
put 1 10539 1
put 1 10549 2
put 1 10603 5
put 1 10609 0
put 1 10611 2
put 1 10620 4
put 1 10621 3
put 1 10627 3
put 1 10628 5
put 1 10634 4
put 1 10639 5
put 1 10664 2
put 1 10682 0
put 1 10683 0
put 1 10686 4
put 1 10697 2
put 1 10709 3
put 1 10721 1
put 1 10723 0
put 1 10726 2
put 1 10727 3
put 1 10754 2
put 1 10775 0
put 1 10778 4
put 1 10800 5
put 1 10806 4
put 1 10810 0
put 1 10816 2
put 1 10820 3
put 1 10826 5
put 1 10843 3
put 1 10867 1
put 1 10871 2
put 1 10885 4
put 1 10891 4
put 1 10918 2
put 1 10922 2
put 1 10931 2
put 1 10935 0
put 1 10938 5
put 1 10971 2
put 1 10972 2
put 1 10977 5
put 1 10991 2
put 1 10993 2
put 1 11002 2
put 1 11004 5
put 1 11015 5
put 1 11023 5
put 1 11049 3
put 1 11069 2
put 1 11072 2
put 1 11085 5
put 1 11101 0
put 1 11107 4
put 1 11111 0
put 1 11118 2
put 1 11122 5
put 1 11123 2
put 1 11135 2
put 1 11140 1
put 1 11172 5
put 1 11180 4
put 1 11195 1
put 1 11200 5
put 1 11204 0
put 1 11244 1
put 1 11246 5
put 1 11248 4
put 1 11251 3
put 1 11266 1
put 1 11268 4
put 1 11271 1
put 1 11286 2
put 1 11292 4
put 1 11354 2
put 1 11355 1
put 1 11393 4
put 1 11407 2
put 1 11432 1
put 1 11444 3
put 1 11494 1
put 1 11549 0
put 1 11560 4
put 1 11568 3
put 1 11592 0
put 1 11618 1
put 1 11644 5
put 1 11664 3
put 1 11671 2
put 1 11690 3
put 1 11696 4
put 1 11706 0
put 1 11726 3
put 1 11743 2
put 1 11744 5
put 1 11766 2
put 1 11818 0
put 1 11821 5
put 1 11851 4
put 1 11854 2
put 1 11862 5
put 1 11885 0
put 1 11887 0
put 1 11902 5
put 1 11921 1
put 1 11930 5
put 1 11936 1
put 1 11945 0
put 1 11955 5
put 1 11957 0
put 1 11982 4
put 1 11988 0
put 1 11990 0
put 1 11994 5
put 1 11999 1
put 1 12002 5
put 1 12004 1
put 1 12025 4
put 1 12036 0
put 1 12046 4
put 1 12054 4
put 1 12056 1
put 1 12069 1
put 1 12076 4
put 1 12082 4
put 1 12101 4
put 1 12106 4
put 1 12111 1
put 1 12113 1
put 1 12119 3
put 1 12128 5
put 1 12132 4
put 1 12133 4
put 1 12137 2
put 1 12140 4
put 1 12162 5
put 1 12173 5
put 1 12184 4
put 1 12192 5
put 1 12201 2
put 1 12205 0
put 1 12215 2
put 1 12217 2
put 1 12219 2
put 1 12222 5
put 1 12229 5
put 1 12255 0
put 1 12266 5
put 1 12282 4
put 1 12292 2
put 1 12300 1
put 1 12308 4
put 1 12311 1
put 1 12326 2
put 1 12336 1
put 1 12340 2
put 1 12351 0
put 1 12367 4
put 1 12394 4
put 1 12396 1
put 1 12403 2
put 1 12407 3
put 1 12448 5
put 1 12456 1
put 1 12457 5
put 1 12483 2
put 1 12488 0
put 1 12490 1
put 1 12496 0
put 1 12518 2
put 1 12521 4
put 1 12533 4
put 1 12542 3
put 1 12544 0
put 1 12545 5
put 1 12567 3
put 1 12601 2
put 1 12618 4
put 1 12621 1
put 1 12687 3
put 1 12703 4
put 1 12707 0
put 1 12721 2
put 1 12733 1
put 1 12738 2
put 1 12760 4
put 1 12787 3
put 1 12800 3
put 1 12805 4
put 1 12821 5
put 1 12822 3
put 1 12826 2
put 1 12831 1
put 1 12832 5
put 1 12843 2
put 1 12851 2
put 1 12876 1
put 1 12885 4
put 1 12891 2
put 1 12928 1
put 1 12929 2
put 1 12941 4
put 1 12949 3
put 1 12957 3
put 1 12987 3
put 1 12998 5
put 1 13023 4
put 1 13064 2
put 1 13065 3
put 1 13071 5
put 1 13072 4
put 1 13087 3
put 1 13097 0
put 1 13132 5
put 1 13141 0
put 1 13145 2
put 1 13149 4
put 1 13159 0
put 1 13164 2
put 1 13169 4
put 1 13170 5
put 1 13176 4
put 1 13185 4
put 1 13200 5
put 1 13206 0
put 1 13244 0
put 1 13268 5
put 1 13279 5
put 1 13300 4
put 1 13309 5
put 1 13311 0
put 1 13329 2
put 1 13349 2
put 1 13406 1
put 1 13454 2
put 1 13479 1
put 1 13481 0
put 1 13488 3
put 1 13499 0
put 1 13504 3
put 1 13515 4
put 1 13521 3
put 1 13523 5
put 1 13540 5
put 1 13543 3
put 1 13552 5
put 1 13567 2
put 1 13573 5
put 1 13599 5
put 1 13602 4
put 1 13603 4
put 1 13622 1
put 1 13635 0
put 1 13663 1
put 1 13674 5
put 1 13688 0
put 1 13695 3
put 1 13725 3
put 1 13726 1
put 1 13737 1
put 1 13741 0
put 1 13782 4
put 1 13792 3
put 1 13799 5
put 1 13808 4
put 1 13819 4
put 1 13834 1
put 1 13840 1
put 1 13850 3
put 1 13852 3
put 1 13877 1
put 1 13881 3
put 1 13884 1
put 1 13886 2
put 1 13898 1
put 1 13903 3
put 1 13915 5
put 1 13918 0
put 1 13931 0
put 1 13933 3
put 1 13947 3
put 1 13950 0
put 1 13951 4
put 1 13958 4
put 1 13960 4
put 1 13967 0
put 1 13980 3
put 1 13994 3
put 1 13998 1
put 1 14011 1
put 1 14013 1
put 1 14106 4
put 1 14115 3
put 1 14116 5
put 1 14120 3
put 1 14136 5
put 1 14152 1
put 1 14160 5
put 1 14169 0
put 1 14173 0
put 1 14186 3
put 1 14189 4
put 1 14194 0
put 1 14207 4
put 1 14230 0
put 1 14231 0
put 1 14256 5
put 1 14265 3
put 1 14271 1
put 1 14288 5
put 1 14297 0
put 1 14299 1
put 1 14305 2
put 1 14327 2
put 1 14335 2
put 1 14336 3
put 1 14340 2
put 1 14343 2
put 1 14344 1
put 1 14355 1
put 1 14364 5
put 1 14369 5
put 1 14375 1
put 1 14381 1
put 1 14382 0
put 1 14393 3
put 1 14394 3
put 1 14395 2
put 1 14396 3
put 1 14407 4
put 1 14414 5
put 1 14418 5
put 1 14426 3
put 1 14432 2
put 1 14443 4
put 1 14464 5
put 1 14471 5
put 1 14483 5
put 1 14488 4
put 1 14490 5
put 1 14528 2
put 1 14542 4
put 1 14553 0
put 1 14565 4
put 1 14575 3
put 1 14581 3
put 1 14582 2
put 1 14586 2
put 1 14602 1
put 1 14606 4
put 1 14612 4
put 1 14617 5
put 1 14623 4
put 1 14636 5
put 1 14655 1
put 1 14664 3
put 1 14684 4
put 1 14696 5
put 1 14707 4
put 1 14709 4
put 1 14714 4
put 1 14731 5
put 1 14742 0
put 1 14749 4
put 1 14759 4
put 1 14762 2
put 1 14773 3
put 1 14788 1
put 1 14790 5
put 1 14795 5
put 1 14811 3
put 1 14831 3
put 1 14836 4
put 1 14849 3
put 1 14855 4
put 1 14862 1
put 1 14878 4
put 1 14884 1
put 1 14915 4
put 1 14919 2
put 1 14955 4
put 1 14965 4
put 1 14974 4
put 1 14976 2
put 1 15000 1
put 1 15002 1
put 1 15011 5
put 1 15020 1
put 1 15055 4
put 1 15074 1
put 1 15080 3
put 1 15081 2
put 1 15086 0
put 1 15099 4
put 1 15101 4
put 1 15103 4
put 1 15107 5
put 1 15110 5
put 1 15123 1
put 1 15125 0
put 1 15147 2
put 1 15165 4
put 1 15167 1
put 1 15204 3
put 1 15208 1
put 1 15211 5
put 1 15212 0
put 1 15225 2
put 1 15245 3
put 1 15282 3
put 1 15285 1
put 1 15297 4
put 1 15322 3
put 1 15345 0
put 1 15402 1
put 1 15410 2
put 1 15411 2
put 1 15419 3
put 1 15422 5
put 1 15426 5
put 1 15432 3
put 1 15436 3
put 1 15451 1
put 1 15460 1
put 1 15463 5
put 1 15475 1
put 1 15484 5
put 1 15488 0
put 1 15493 0
put 1 15494 3
put 1 15495 2
put 1 15511 4
put 1 15513 2
put 1 15522 4
put 1 15533 2
put 1 15535 2
put 1 15546 3
put 1 15561 3
put 1 15569 3
put 1 15570 4
put 1 15605 3
put 1 15607 3
put 1 15634 0
put 1 15644 2
put 1 15671 3
put 1 15672 1
put 1 15675 0
put 1 15677 3
put 1 15702 2
put 1 15707 4
put 1 15717 4
put 1 15720 5
put 1 15724 0
put 1 15726 1
put 1 15741 0
put 1 15742 3
put 1 15743 3
put 1 15765 4
put 1 15786 2
put 1 15791 1
put 1 15795 5
put 1 15825 5
put 1 15838 2
put 1 15854 0
put 1 15859 4
put 1 15869 5
put 1 15890 1
put 1 15895 3
put 1 15925 2
put 1 15933 1
put 1 15952 0
put 1 15953 1
put 1 15981 5
put 1 15982 0
put 1 16007 1
put 1 16009 0
put 1 16022 5
put 1 16033 4
put 1 16036 2
put 1 16048 5
put 1 16064 0
put 1 16077 2
put 1 16078 1
put 1 16088 4
put 1 16101 2
put 1 16121 3
put 1 16145 0
put 1 16190 3
put 1 16191 3
put 1 16199 3
put 1 16219 1
put 1 16236 1
put 1 16241 1
put 1 16249 0
put 1 16258 1
put 1 16262 2
put 1 16274 3
put 1 16276 4
put 1 16283 0
put 1 16289 4
put 1 16330 0
put 1 16341 0
put 1 16342 2
put 1 16349 3
put 1 16367 1
put 1 16375 5
put 1 16377 5
put 1 16390 3
put 1 16395 2
put 1 16396 1
put 1 16405 1
put 1 16406 1
put 1 16410 3
put 1 16414 5
put 1 16422 4
put 1 16423 1
put 1 16425 0
put 1 16453 5
put 1 16468 0
put 1 16469 4
put 1 16483 0
put 1 16545 5
put 1 16548 5
put 1 16549 4
put 1 16573 4
put 1 16575 3
put 1 16609 3
put 1 16611 5
put 1 16683 5
put 1 16685 4
put 1 16692 5
put 1 16695 5
put 1 16705 3
put 1 16718 1
put 1 16723 1
put 1 16728 3
put 1 16732 1
put 1 16734 5
put 1 16737 1
put 1 16753 2
put 1 16754 1
put 1 16769 4
put 1 16774 5
put 1 16778 5
put 1 16796 2
put 1 16802 3
put 1 16813 1
put 1 16827 1
put 1 16830 5
put 1 16841 1
put 1 16842 5
put 1 16848 3
put 1 16873 5
put 1 16874 3
put 1 16876 3
put 1 16880 3
put 1 16890 4
put 1 16892 2
put 1 16901 4
put 1 16917 0
put 1 16926 0
put 1 16928 2
put 1 16929 0
put 1 16955 1
put 1 16964 1
put 1 16980 1
put 1 16982 3
put 1 17005 0
put 1 17010 5
put 1 17030 0
put 1 17041 2
put 1 17045 4
put 1 17049 3
put 1 17054 4
put 1 17056 5
put 1 17064 1
put 1 17069 5
put 1 17087 0
put 1 17099 0
put 1 17114 1
put 1 17135 4
put 1 17196 5
put 1 17251 1
put 1 17258 2
put 1 17264 5
put 1 17265 2
put 1 17271 4
put 1 17276 4
put 1 17278 0
put 1 17290 3
put 1 17312 0
put 1 17316 5
put 1 17333 3
put 1 17334 1
put 1 17336 4
put 1 17338 0
put 1 17344 2
put 1 17354 2
put 1 17374 4
put 1 17380 2
put 1 17405 5
put 1 17427 2
put 1 17433 2
put 1 17448 3
put 1 17473 2
put 1 17485 0
put 1 17496 1
put 1 17505 2
put 1 17507 2
put 1 17522 4
put 1 17530 5
put 1 17541 3
put 1 17546 1
put 1 17553 3
put 1 17571 4
put 1 17574 4
put 1 17583 1
put 1 17585 4
put 1 17619 2
put 1 17622 0
put 1 17633 1
put 1 17659 1
put 1 17665 5
put 1 17726 3
put 1 17739 5
put 1 17751 1
put 1 17771 3
put 1 17778 5
put 1 17790 1
put 1 17811 2
put 1 17823 1
put 1 17847 3
put 1 17862 0
put 1 17883 1
put 1 17898 4
put 1 17928 3
put 1 17959 3
put 1 17960 1
put 1 17978 3
put 1 17989 3
put 1 17993 4
put 1 18025 2
put 1 18030 2
put 1 18066 3
put 1 18081 5
put 1 18085 4
put 1 18091 2
put 1 18113 1
put 1 18114 5
put 1 18125 5
put 1 18135 4
put 1 18157 1
put 1 18159 3
put 1 18174 0
put 1 18183 4
put 1 18188 3
put 1 18194 3
put 1 18199 2
put 1 18225 3
put 1 18230 0
put 1 18249 2
put 1 18257 1
put 1 18269 2
put 1 18276 5
put 1 18277 4
put 1 18314 2
put 1 18338 5
put 1 18342 3
put 1 18350 2
put 1 18364 0
put 1 18365 2
put 1 18366 4
put 1 18379 0
put 1 18385 2
put 1 18392 1
put 1 18395 2
put 1 18398 1
put 1 18405 1
put 1 18433 5
put 1 18440 2
put 1 18443 3
put 1 18449 0
put 1 18475 0
put 1 18515 2
put 1 18517 4
put 1 18525 4
put 1 18532 2
put 1 18541 3
put 1 18544 5
put 1 18552 4
put 1 18557 1
put 1 18558 4
put 1 18564 0
put 1 18568 4
put 1 18595 5
put 1 18614 5
put 1 18617 0
put 1 18618 5
put 1 18619 3
put 1 18654 0
put 1 18669 5
put 1 18696 3
put 1 18701 4
put 1 18723 5
put 1 18727 2
put 1 18730 1
put 1 18734 1
put 1 18771 2
put 1 18775 2
put 1 18778 3
put 1 18843 3
put 1 18859 1
put 1 18880 0
put 1 18904 1
put 1 18930 4
put 1 18941 4
put 1 18965 5
put 1 18966 1
put 1 18973 4
put 1 18974 2
put 1 19006 2
put 1 19010 0
put 1 19017 5
put 1 19043 5
put 1 19059 3
put 1 19071 5
put 1 19075 1
put 1 19081 3
put 1 19084 2
put 1 19090 2
put 1 19103 0
put 1 19108 5
put 1 19126 0
put 1 19128 2
put 1 19134 1
put 1 19143 3
put 1 19157 1
put 1 19171 0
put 1 19191 1
put 1 19194 5
put 1 19200 4
put 1 19213 0
put 1 19215 4
put 1 19243 5
put 1 19248 3
put 1 19252 1
put 1 19258 3
put 1 19269 0
put 1 19277 3
put 1 19281 0
put 1 19292 0
put 1 19295 3
put 1 19297 4
put 1 19311 3
put 1 19315 0
put 1 19326 0
put 1 19335 3
put 1 19348 2
put 1 19357 5
put 1 19361 2
put 1 19362 5
put 1 19374 1
put 1 19376 5
put 1 19389 2
put 1 19392 4
put 1 19432 4
put 1 19440 1
put 1 19477 3
put 1 19490 5
put 1 19492 4
put 1 19503 0
put 1 19507 1
put 1 19523 5
put 1 19536 0
put 1 19548 0
put 1 19564 2
put 1 19593 3
put 1 19636 2
put 1 19646 3
put 1 19666 4
put 1 19727 1
put 1 19739 4
put 1 19755 1
put 1 19824 4
put 1 19834 1
put 1 19840 0
put 1 19845 3
put 1 19856 1
put 1 19864 0
put 1 19865 3
put 1 19878 1
put 1 19895 4
put 1 19898 4
put 1 19939 3
put 1 19940 1
put 1 19959 0
put 1 19988 1
put 1 19995 0
put 1 20001 2
put 1 20013 4
put 1 20021 5
put 1 20025 4
put 1 20036 3
put 1 20040 4
put 1 20046 1
put 1 20058 4
put 1 20074 5
put 1 20076 0
put 1 20082 1
put 1 20094 4
put 1 20096 1
put 1 20104 3
put 1 20106 1
put 1 20109 2
put 1 20118 5
put 1 20121 3
put 1 20125 5
put 1 20135 3
put 1 20141 5
put 1 20148 1
put 1 20207 2
put 1 20217 3
put 1 20233 4
put 1 20236 2
put 1 20248 2
put 1 20253 5
put 1 20269 2
put 1 20277 3
put 1 20280 3
put 1 20300 4
put 1 20304 0
put 1 20337 4
put 1 20373 0
put 1 20394 2
put 1 20410 5
put 1 20411 1
put 1 20436 5
put 1 20470 0
put 1 20477 0
put 1 20490 2
put 1 20509 2
put 1 20512 2
put 1 20525 4
put 1 20530 1
put 1 20554 0
put 1 20570 2
put 1 20577 5
put 1 20581 0
put 1 20594 0
put 1 20618 5
put 1 20620 3
put 1 20646 5
put 1 20677 1
put 1 20719 0
put 1 20729 4
put 1 20732 2
put 1 20736 5
put 1 20739 0
put 1 20741 0
put 1 20747 4
put 1 20762 3
put 1 20771 3
put 1 20776 5
put 1 20780 1
put 1 20806 3
put 1 20825 5
put 1 20831 5
put 1 20846 2
put 1 20877 4
put 1 20879 4
put 1 20886 4
put 1 20913 1
put 1 20918 1
put 1 20951 5
put 1 20961 2
put 1 20965 0
put 1 20968 0
put 1 20970 4
put 1 20972 5
put 1 20987 4
put 1 21014 2
put 1 21016 5
put 1 21049 5
put 1 21053 4
put 1 21055 3
put 1 21065 3
put 1 21070 3
put 1 21073 1
put 1 21075 3
put 1 21078 5
put 1 21089 2
put 1 21107 2
put 1 21120 4
put 1 21142 3
put 1 21155 0
put 1 21157 0
put 1 21161 2
put 1 21186 3
put 1 21213 4
put 1 21221 3
put 1 21222 2
put 1 21225 3
put 1 21238 5
put 1 21239 0
put 1 21244 0
put 1 21245 4
put 1 21250 1
put 1 21266 3
put 1 21272 2
put 1 21279 1
put 1 21307 1
put 1 21319 0
put 1 21327 1
put 1 21339 3
put 1 21365 4
put 1 21383 1
put 1 21403 0
put 1 21409 0
put 1 21423 2
put 1 21448 3
put 1 21459 4
put 1 21492 5
put 1 21518 5
put 1 21520 2
put 1 21521 3
put 1 21525 1
put 1 21533 3
put 1 21540 1
put 1 21573 3
put 1 21594 4
put 1 21603 1
put 1 21621 1
put 1 21624 3
put 1 21625 1
put 1 21638 1
put 1 21645 0
put 1 21647 5
put 1 21651 3
put 1 21679 5
put 1 21683 5
put 1 21699 3
put 1 21719 0
put 1 21729 5
put 1 21730 2
put 1 21738 3
put 1 21741 1
put 1 21758 0
put 1 21777 4
put 1 21779 4
put 1 21782 4
put 1 21802 3
put 1 21804 2
put 1 21808 3
put 1 21810 0
put 1 21813 2
put 1 21826 3
put 1 21842 2
put 1 21905 3
put 1 21906 2
put 1 21915 1
put 1 21918 0
put 1 21921 0
put 1 21928 0
put 1 21958 3
put 1 21965 0
put 1 21984 0
put 1 21995 3
put 1 22008 3
put 1 22030 1
put 1 22034 1
put 1 22057 2
put 1 22064 3
put 1 22073 1
put 1 22078 5
put 1 22092 2
put 1 22102 2
put 1 22108 4
put 1 22128 3
put 1 22131 5
put 1 22137 4
put 1 22138 3
put 1 22141 0
put 1 22148 1
put 1 22178 4
put 1 22193 5
put 1 22195 0
put 1 22206 4
put 1 22234 3
put 1 22252 2
put 1 22258 2
put 1 22260 5
put 1 22269 5
put 1 22276 2
put 1 22294 5
put 1 22312 3
put 1 22336 0
put 1 22347 5
put 1 22356 1
put 1 22359 0
put 1 22376 5
put 1 22393 2
put 1 22430 0
put 1 22442 3
put 1 22443 0
put 1 22449 2
put 1 22455 4
put 1 22465 2
put 1 22469 4
put 1 22478 2
put 1 22487 0
put 1 22488 3
put 1 22512 0
put 1 22527 1
put 1 22531 3
put 1 22536 2
put 1 22550 3
put 1 22558 1
put 1 22563 5
put 1 22588 1
put 1 22632 4
put 1 22634 5
put 1 22647 3
put 1 22660 1
put 1 22666 5
put 1 22674 2
put 1 22684 0
put 1 22686 2
put 1 22701 5
put 1 22710 2
put 1 22714 5
put 1 22727 0
put 1 22737 0
put 1 22738 3
put 1 22744 2
put 1 22745 4
put 1 22751 4
put 1 22755 0
put 1 22761 5
put 1 22774 2
put 1 22780 5
put 1 22789 1
put 1 22797 4
put 1 22829 4
put 1 22859 2
put 1 22883 3
put 1 22885 5
put 1 22932 1
put 1 22933 4
put 1 22958 2
put 1 22963 5
put 1 22972 4
put 1 22975 4
put 1 22987 2
put 1 23012 5
put 1 23013 2
put 1 23052 0
put 1 23056 1
put 1 23060 3
put 1 23066 4
put 1 23086 3
put 1 23093 0
put 1 23102 4
put 1 23106 4
put 1 23108 2
put 1 23129 5
put 1 23138 5
put 1 23156 5
put 1 23160 5
put 1 23182 1
put 1 23198 1
put 1 23212 5
put 1 23215 2
put 1 23261 4
put 1 23269 1
put 1 23288 5
put 1 23306 4
put 1 23308 3
put 1 23309 4
put 1 23322 4
put 1 23336 2
put 1 23349 4
put 1 23357 5
put 1 23365 2
put 1 23381 2
put 1 23398 3
put 1 23432 4
put 1 23444 3
put 1 23456 2
put 1 23462 2
put 1 23471 0
put 1 23476 3
put 1 23497 1
put 1 23503 5
put 1 23530 2
put 1 23531 0
put 1 23533 4
put 1 23536 3
put 1 23551 2
put 1 23553 3
put 1 23554 0
put 1 23557 0
put 1 23566 5
put 1 23598 3
put 1 23628 0
put 1 23642 1
put 1 23647 2
put 1 23659 4
put 1 23679 2
put 1 23687 3
put 1 23703 3
put 1 23705 2
put 1 23708 5
put 1 23719 4
put 1 23733 4
put 1 23737 1
put 1 23744 0
put 1 23767 2
put 1 23772 0
put 1 23802 0
put 1 23814 0
put 1 23815 3
put 1 23826 2
put 1 23828 4
put 1 23842 2
put 1 23850 2
put 1 23852 4
put 1 23853 5
put 1 23875 3
put 1 23898 4
put 1 23951 4
put 1 23960 5
put 1 23966 3
put 1 23976 0
put 1 23984 2
put 1 23987 1
put 1 23990 0
put 1 23992 4
put 1 24025 5
put 1 24045 5
put 1 24046 0
put 1 24050 4
put 1 24075 2
put 1 24080 5
put 1 24093 0
put 1 24097 3
put 1 24110 2
put 1 24114 3
put 1 24115 0
put 1 24133 4
put 1 24136 1
put 1 24139 1
put 1 24158 3
put 1 24164 0
put 1 24170 2
put 1 24175 2
put 1 24176 3
put 1 24177 3
put 1 24204 1
put 1 24232 5
put 1 24248 0
put 1 24271 3
put 1 24309 0
put 1 24311 4
put 1 24312 5
put 1 24320 4
put 1 24327 1
put 1 24335 1
put 1 24358 4
put 1 24382 3
put 1 24389 5
put 1 24406 2
put 1 24408 2
put 1 24412 3
put 1 24418 5
put 1 24432 4
put 1 24464 3
put 1 24473 4
put 1 24475 1
put 1 24482 0
put 1 24483 2
put 1 24513 1
put 1 24527 5
put 1 24540 5
put 1 24550 5
put 1 24573 3
put 1 24574 3
put 1 24584 2
put 1 24604 1
put 1 24609 4
put 1 24612 2
put 1 24619 0
put 1 24639 3
put 1 24649 1
put 1 24652 1
put 1 24661 4
put 1 24666 1
put 1 24671 0
put 1 24687 0
put 1 24691 1
put 1 24698 1
put 1 24703 3
put 1 24744 0
put 1 24757 0
put 1 24764 0
put 1 24766 5
put 1 24767 1
put 1 24787 5
put 1 24789 2
put 1 24790 5
put 1 24812 4
put 1 24816 5
put 1 24823 4
put 1 24828 3
put 1 24831 3
put 1 24836 4
put 1 24856 4
put 1 24858 3
put 1 24859 4
put 1 24862 1
put 1 24872 4
put 1 24900 4
put 1 24912 3
put 1 24915 2
put 1 24919 3
put 1 24931 2
put 1 24940 0
put 1 24956 3
put 1 24963 1
put 1 24967 5
put 1 24970 2
put 1 24972 2
put 1 24973 0
put 1 25006 5
put 1 25015 4
put 1 25018 2
put 1 25020 5
put 1 25021 0
put 1 25023 4
put 1 25024 4
put 1 25039 5
put 1 25056 1
put 1 25078 3
put 1 25087 1
put 1 25135 5
put 1 25161 1
put 1 25167 1
put 1 25173 3
put 1 25186 1
put 1 25204 0
put 1 25222 5
put 1 25228 0
put 1 25234 5
put 1 25250 5
put 1 25277 5
put 1 25286 5
put 1 25293 2
put 1 25305 5
put 1 25320 1
put 1 25340 5
put 1 25357 3
put 1 25365 4
put 1 25400 4
put 1 25402 5
put 1 25403 3
put 1 25417 1
put 1 25421 3
put 1 25422 5
put 1 25434 5
put 1 25438 3
put 1 25443 0
put 1 25445 1
put 1 25458 4
put 1 25467 0
put 1 25478 0
put 1 25484 3
put 1 25499 1
put 1 25504 1
put 1 25505 1
put 1 25506 4
put 1 25523 1
put 1 25536 1
put 1 25547 4
put 1 25557 5
put 1 25558 1
put 1 25599 1
put 1 25628 5
put 1 25641 5
put 1 25645 2
put 1 25653 5
put 1 25667 5
put 1 25678 3
put 1 25679 2
put 1 25697 0
put 1 25709 1
put 1 25712 1
put 1 25714 2
put 1 25725 3
put 1 25734 4
put 1 25749 2
put 1 25776 4
put 1 25783 5
put 1 25796 3
put 1 25800 1
put 1 25804 3
put 1 25807 3
put 1 25809 2
put 1 25817 4
put 1 25818 4
put 1 25821 5
put 1 25824 4
put 1 25829 0
put 1 25835 5
put 1 25837 5
put 1 25842 0
put 1 25846 1
put 1 25865 4
put 1 25866 2
put 1 25895 5
put 1 25901 3
put 1 25934 5
put 1 25950 0
put 1 25957 5
put 1 25963 1
put 1 25966 2
put 1 25979 5
put 1 25982 2
put 1 25989 4
put 1 25992 5
put 1 25998 1
put 1 26002 0
put 1 26011 1
put 1 26025 2
put 1 26042 4
put 1 26053 1
put 1 26062 4
put 1 26069 4
put 1 26074 5
put 1 26087 3
put 1 26088 3
put 1 26107 5
put 1 26130 1
put 1 26143 4
put 1 26147 5
put 1 26153 0
put 1 26190 0
put 1 26220 4
put 1 26230 1
put 1 26238 0
put 1 26246 3
put 1 26252 5
put 1 26253 4
put 1 26267 1
put 1 26276 0
put 1 26308 0
put 1 26318 1
put 1 26368 0
put 1 26373 1
put 1 26374 4
put 1 26376 0
put 1 26402 5
put 1 26409 0
put 1 26427 1
put 1 26428 5
put 1 26440 2
put 1 26444 1
put 1 26448 1
put 1 26459 0
put 1 26472 2
put 1 26491 1
put 1 26496 5
put 1 26497 1
put 1 26505 1
put 1 26507 2
put 1 26516 4
put 1 26527 4
put 1 26529 3
put 1 26537 3
put 1 26545 0
put 1 26547 0
put 1 26551 5
put 1 26562 3
put 1 26592 3
put 1 26615 3
put 1 26633 2
put 1 26639 3
put 1 26641 1
put 1 26645 4
put 1 26652 1
put 1 26659 2
put 1 26666 1
put 1 26704 3
put 1 26710 5
put 1 26718 0
put 1 26724 3
put 1 26727 2
put 1 26732 2
put 1 26735 1
put 1 26736 1
put 1 26737 0
put 1 26738 4
put 1 26755 5
put 1 26777 4
put 1 26779 5
put 1 26787 3
put 1 26791 5
put 1 26806 5
put 1 26807 5
put 1 26821 5
put 1 26838 0
put 1 26846 1
put 1 26904 0
put 1 26911 0
put 1 26951 3
put 1 26965 5
put 1 26979 1
put 1 26984 1
put 1 26989 2
put 1 26997 1
put 1 26998 3
put 1 27005 2
put 1 27014 1
put 1 27018 0
put 1 27034 4
put 1 27046 0
put 1 27059 1
put 1 27079 2
put 1 27081 5
put 1 27087 3
put 1 27088 1
put 1 27090 0
put 1 27096 2
put 1 27120 5
put 1 27125 5
put 1 27161 3
put 1 27168 0
put 1 27170 2
put 1 27171 0
put 1 27220 0
put 1 27238 2
put 1 27244 1
put 1 27273 5
put 1 27278 2
put 1 27297 4
put 1 27298 5
put 1 27319 1
put 1 27323 1
put 1 27324 1
put 1 27328 2
put 1 27333 0
put 1 27341 3
put 1 27345 2
put 1 27363 4
put 1 27379 4
put 1 27383 5
put 1 27385 5
put 1 27393 0
put 1 27397 2
put 1 27419 1
put 1 27422 0
put 1 27448 0
put 1 27465 2
put 1 27474 1
put 1 27482 4
put 1 27499 1
put 1 27500 0
put 1 27503 1
put 1 27525 4
put 1 27532 1
put 1 27544 5
put 1 27552 4
put 1 27554 0
put 1 27563 5
put 1 27574 5
put 1 27577 4
put 1 27584 2
put 1 27601 2
put 1 27662 2
put 1 27666 1
put 1 27673 5
put 1 27674 1
put 1 27713 4
put 1 27735 5
put 1 27755 3
put 1 27765 2
put 1 27771 4
put 1 27787 4
put 1 27790 5
put 1 27805 4
put 1 27819 2
put 1 27824 2
put 1 27825 0
put 1 27828 4
put 1 27829 4
put 1 27834 0
put 1 27850 0
put 1 27851 4
put 1 27858 3
put 1 27860 0
put 1 27870 1
put 1 27883 1
put 1 27886 2
put 1 27904 2
put 1 27935 5
put 1 27937 4
put 1 27938 1
put 1 27944 1
put 1 27950 5
put 1 27952 3
put 1 27957 0
put 1 27962 0
put 1 27975 2
put 1 27996 4
put 1 27999 5
put 1 28004 5
put 1 28009 0
put 1 28023 5
put 1 28040 0
put 1 28046 4
put 1 28062 1
put 1 28067 2
put 1 28072 4
put 1 28074 2
put 1 28105 2
put 1 28120 1
put 1 28124 4
put 1 28128 5
put 1 28129 0
put 1 28147 5
put 1 28162 1
put 1 28163 4
put 1 28164 4
put 1 28166 0
put 1 28211 0
put 1 28217 4
put 1 28219 3
put 1 28234 3
put 1 28245 4
put 1 28250 1
put 1 28259 2
put 1 28267 4
put 1 28269 0
put 1 28283 5
put 1 28303 3
put 1 28306 0
put 1 28309 1
put 1 28351 4
put 1 28363 1
put 1 28365 4
put 1 28366 5
put 1 28380 1
put 1 28382 5
put 1 28404 0
put 1 28406 0
put 1 28424 3
put 1 28427 5
put 1 28431 4
put 1 28444 2
put 1 28460 1
put 1 28473 5
put 1 28490 3
put 1 28501 4
put 1 28511 0
put 1 28522 4
put 1 28528 5
put 1 28532 0
put 1 28533 3
put 1 28546 1
put 1 28565 0
put 1 28595 2
put 1 28597 3
put 1 28613 2
put 1 28623 0
put 1 28627 3
put 1 28631 4
put 1 28649 0
put 1 28673 3
put 1 28693 4
put 1 28703 2
put 1 28722 2
put 1 28729 2
put 1 28735 3
put 1 28742 4
put 1 28743 3
put 1 28764 1
put 1 28765 4
put 1 28779 5
put 1 28780 4
put 1 28786 1
put 1 28800 2
put 1 28804 3
put 1 28810 3
put 1 28816 1
put 1 28821 4
put 1 28822 5
put 1 28829 5
put 1 28836 2
put 1 28853 4
put 1 28861 4
put 1 28867 2
put 1 28868 3
put 1 28882 5
put 1 28906 3
put 1 28913 1
put 1 28978 5
put 1 28994 5
put 1 29008 1
put 1 29010 3
put 1 29015 0
put 1 29023 3
put 1 29024 0
put 1 29025 2
put 1 29068 5
put 1 29078 5
put 1 29079 1
put 1 29090 2
put 1 29093 0
put 1 29129 0
put 1 29138 4
put 1 29150 4
put 1 29171 3
put 1 29173 4
put 1 29185 5
put 1 29186 2
put 1 29200 5
put 1 29207 0
put 1 29241 3
put 1 29268 0
put 1 29290 5
put 1 29301 1
put 1 29326 5
put 1 29327 5
put 1 29355 4
put 1 29366 1
put 1 29370 5
put 1 29373 5
put 1 29376 5
put 1 29407 4
put 1 29408 4
put 1 29412 0
put 1 29418 4
put 1 29420 3
put 1 29435 2
put 1 29437 1
put 1 29441 4
put 1 29444 4
put 1 29448 3
put 1 29473 4
put 1 29487 4
put 1 29501 5
put 1 29506 4
put 1 29547 0
put 1 29550 4
put 1 29554 3
put 1 29557 1
put 1 29578 2
put 1 29586 2
put 1 29604 4
put 1 29632 3
put 1 29635 0
put 1 29647 0
put 1 29653 5
put 1 29668 2
put 1 29684 3
put 1 29687 4
put 1 29695 3
put 1 29699 2
put 1 29708 2
put 1 29729 4
put 1 29735 4
put 1 29744 4
put 1 29757 2
put 1 29758 3
put 1 29759 3
put 1 29781 3
put 1 29788 3
put 1 29809 3
put 1 29811 3
put 1 29832 5
put 1 29867 1
put 1 29891 1
put 1 29895 3
put 1 29901 1
put 1 29907 3
put 1 29916 5
put 1 29933 2
put 1 29985 2
put 1 29992 0
seal 1
open 2
span 2 0 29999 2
span 2 0 29999 4000
span 2 0 29999 4000
span 2 0 29999 4000
span 2 0 29999 1
span 2 0 29999 4000
span 2 0 29999 4000
span 2 0 29999 4000
span 2 0 29999 2
span 2 0 29999 4000
span 2 0 29999 4000
span 2 0 29999 4000
span 2 0 29999 2
span 2 0 29999 4000
span 2 0 29999 4000
span 2 0 29999 4000
span 2 0 29999 3
span 2 0 29999 4000
span 2 0 29999 4000
span 2 0 29999 4000
span 2 0 29999 1
span 2 0 29999 4000
span 2 0 29999 4000
span 2 0 29999 4000
span 2 0 29999 2
span 2 0 29999 4000
span 2 0 29999 4000
span 2 0 29999 4000
span 2 0 29999 3
span 2 0 29999 4000
span 2 0 29999 4000
span 2 0 29999 4000
span 2 0 29999 1
span 2 0 29999 4000
span 2 0 29999 4000
span 2 0 29999 4000
span 2 0 29999 1
span 2 0 29999 4000
span 2 0 29999 4000
span 2 0 29999 4000
span 2 0 29999 1
span 2 0 29999 4000
span 2 0 29999 4000
span 2 0 29999 4000
span 2 0 29999 3
span 2 0 29999 4000
span 2 0 29999 4000
span 2 0 29999 4000
span 2 0 29999 2
span 2 0 29999 4000
span 2 0 29999 4000
span 2 0 29999 4000
span 2 0 29999 1
span 2 0 29999 4000
span 2 0 29999 4000
span 2 0 29999 4000
span 2 0 29999 3
span 2 0 29999 4000
span 2 0 29999 4000
span 2 0 29999 4000
span 2 0 29999 1
span 2 0 29999 4000
span 2 0 29999 4000
span 2 0 29999 4000
span 2 0 29999 2
span 2 0 29999 4000
span 2 0 29999 4000
span 2 0 29999 4000
span 2 0 29999 3
span 2 0 29999 4000
span 2 0 29999 4000
span 2 0 29999 4000
span 2 0 29999 3
span 2 0 29999 4000
span 2 0 29999 4000
span 2 0 29999 4000
span 2 0 29999 2
span 2 0 29999 4000
span 2 0 29999 4000
span 2 0 29999 4000
span 2 0 29999 3
span 2 0 29999 4000
span 2 0 29999 4000
span 2 0 29999 4000
span 2 0 29999 2
span 2 0 29999 4000
span 2 0 29999 4000
span 2 0 29999 4000
span 2 0 29999 2
span 2 0 29999 4000
open 3
put 3 16705 3
seal 3
open 4
put 4 28613 2
seal 4
open 5
put 5 27957 0
seal 5
open 6
put 6 1303 2
seal 6
open 7
put 7 24836 4
seal 7
open 8
put 8 7575 5
seal 8
open 9
put 9 14915 4
seal 9
open 10
put 10 23138 5
seal 10
open 11
put 11 9820 4
seal 11
open 12
put 12 26428 5
seal 12
open 13
put 13 24177 3
seal 13
open 14
put 14 19157 1
seal 14
open 15
put 15 6627 3
seal 15
open 16
put 16 15411 2
seal 16
open 17
put 17 24412 3
seal 17
open 18
put 18 4453 5
seal 18
open 19
put 19 7229 4
seal 19
open 20
put 20 12132 4
seal 20
open 21
put 21 11354 2
seal 21
open 22
put 22 3886 4
seal 22
open 23
put 23 22859 2
seal 23
open 24
put 24 23557 0
seal 24
open 25
put 25 3156 3
seal 25
open 26
put 26 3117 1
seal 26
open 27
put 27 19507 1
seal 27
open 28
put 28 9370 2
seal 28
open 29
put 29 17333 3
seal 29
open 30
put 30 13688 0
seal 30
open 31
put 31 5233 4
seal 31
open 32
put 32 22347 5
seal 32
open 33
put 33 104 4
seal 33
open 34
put 34 15825 5
seal 34
open 35
put 35 5072 3
seal 35
open 36
put 36 7646 5
seal 36
open 37
put 37 1965 4
seal 37
open 38
put 38 11982 4
seal 38
open 39
put 39 27096 2
seal 39
open 40
put 40 15742 3
seal 40
open 41
put 41 11821 5
seal 41
open 42
put 42 27298 5
seal 42
open 43
put 43 19335 3
seal 43
open 44
put 44 6086 3
seal 44
open 45
put 45 13164 2
seal 45
open 46
put 46 2201 2
seal 46
open 47
put 47 20729 4
seal 47
open 48
put 48 28351 4
seal 48
open 49
put 49 6509 4
seal 49
open 50
put 50 14749 4
seal 50
open 51
put 51 29186 2
seal 51
open 52
put 52 7880 1
seal 52
open 53
put 53 3998 1
seal 53
open 54
put 54 29418 4
seal 54
open 55
put 55 21730 2
seal 55
open 56
put 56 20913 1
seal 56
open 57
put 57 8696 4
seal 57
open 58
put 58 1864 0
seal 58
open 59
put 59 11354 2
seal 59
open 60
put 60 25505 1
seal 60
open 61
put 61 11696 4
seal 61
open 62
put 62 443 4
seal 62
open 63
put 63 4295 1
seal 63
open 64
put 64 13933 3
seal 64
open 65
put 65 26529 3
seal 65
open 66
put 66 10778 4
seal 66
open 67
put 67 12544 0
seal 67
open 68
put 68 26537 3
seal 68
open 69
put 69 23814 0
seal 69
open 70
put 70 14186 3
seal 70
open 71
put 71 18269 2
seal 71
open 72
put 72 15671 3
seal 72
open 73
put 73 3679 5
seal 73
open 74
put 74 14884 1
seal 74
open 75
put 75 2883 1
seal 75
open 76
put 76 7701 1
seal 76
open 77
put 77 4873 4
seal 77
open 78
put 78 26639 3
seal 78
open 79
put 79 4810 4
seal 79
open 80
put 80 20046 1
seal 80
open 81
put 81 12805 4
seal 81
open 82
put 82 25023 4
seal 82
open 83
put 83 23013 2
seal 83
open 84
put 84 24309 0
seal 84
open 85
put 85 27170 2
seal 85
open 86
put 86 16842 5
seal 86
open 87
put 87 10993 2
seal 87
open 88
put 88 12545 5
seal 88
open 89
put 89 29586 2
seal 89
open 90
put 90 9877 1
seal 90
open 91
put 91 29412 0
seal 91
open 92
put 92 14490 5
seal 92
open 93
put 93 19940 1
seal 93
open 94
put 94 16734 5
seal 94
open 95
put 95 14919 2
seal 95
open 96
put 96 24248 0
seal 96
open 97
put 97 12106 4
seal 97
open 98
put 98 10971 2
seal 98
open 99
put 99 6933 1
seal 99
open 100
put 100 19134 1
seal 100
open 101
put 101 7061 2
seal 101
open 102
put 102 625 0
seal 102
open 103
put 103 10268 0
seal 103
open 104
put 104 10991 2
seal 104
open 105
put 105 17278 0
seal 105
open 106
put 106 5925 2
seal 106
open 107
put 107 20525 4
seal 107
open 108
put 108 14849 3
seal 108
open 109
put 109 16330 0
seal 109
open 110
put 110 3754 4
seal 110
open 111
put 111 1611 4
seal 111
open 112
put 112 3937 5
seal 112
open 113
put 113 23530 2
seal 113
open 114
put 114 29444 4
seal 114
open 115
put 115 23261 4
seal 115
open 116
put 116 25320 1
seal 116
open 117
put 117 18595 5
seal 117
open 118
put 118 26965 5
seal 118
open 119
put 119 4382 3
seal 119
open 120
put 120 22356 1
seal 120
open 121
put 121 24687 0
seal 121
open 122
put 122 27674 1
seal 122
open 123
put 123 1378 4
seal 123
open 124
put 124 10172 2
seal 124
open 125
put 125 29185 5
seal 125
open 126
put 126 14602 1
seal 126
open 127
put 127 17005 0
seal 127
open 128
put 128 10723 0
seal 128
open 129
put 129 15535 2
seal 129
open 130
put 130 9261 1
seal 130
open 131
put 131 24744 0
seal 131
open 132
put 132 2527 2
seal 132
open 133
put 133 19959 0
seal 133
open 134
put 134 9206 5
seal 134
open 135
put 135 23381 2
seal 135
open 136
put 136 27319 1
seal 136
open 137
put 137 21984 0
seal 137
open 138
put 138 4349 1
seal 138
open 139
put 139 8397 3
seal 139
open 140
put 140 4810 4
seal 140
open 141
put 141 5073 5
seal 141
open 142
put 142 16802 3
seal 142
open 143
put 143 14230 0
seal 143
open 144
put 144 9352 5
seal 144
open 145
put 145 563 4
seal 145
open 146
put 146 17336 4
seal 146
open 147
put 147 14976 2
seal 147
open 148
put 148 10405 4
seal 148
open 149
put 149 20762 3
seal 149
open 150
put 150 7990 5
seal 150
open 151
put 151 23261 4
seal 151
open 152
put 152 21594 4
seal 152
open 153
put 153 14884 1
seal 153
open 154
put 154 8118 4
seal 154
open 155
put 155 4547 3
seal 155
open 156
put 156 23703 3
seal 156
open 157
put 157 6946 0
seal 157
open 158
put 158 13141 0
seal 158
open 159
put 159 21638 1
seal 159
open 160
put 160 22885 5
seal 160
open 161
put 161 17583 1
seal 161
open 162
put 162 9877 1
seal 162
open 163
put 163 4438 2
seal 163
open 164
put 164 29695 3
seal 164
open 165
put 165 6253 0
seal 165
open 166
put 166 27393 0
seal 166
open 167
put 167 4207 5
seal 167
open 168
put 168 11286 2
seal 168
open 169
put 169 16928 2
seal 169
open 170
put 170 28565 0
seal 170
open 171
put 171 6531 0
seal 171
open 172
put 172 10286 2
seal 172
open 173
put 173 23951 4
seal 173
open 174
put 174 16414 5
seal 174
open 175
put 175 10922 2
seal 175
open 176
put 176 4382 3
seal 176
open 177
put 177 14565 4
seal 177
open 178
put 178 12521 4
seal 178
open 179
put 179 20577 5
seal 179
open 180
put 180 11122 5
seal 180
open 181
put 181 3224 5
seal 181
open 182
put 182 18183 4
seal 182
open 183
put 183 22347 5
seal 183
open 184
put 184 24757 0
seal 184
open 185
put 185 21186 3
seal 185
open 186
put 186 24612 2
seal 186
open 187
put 187 7621 2
seal 187
open 188
put 188 28431 4
seal 188
open 189
put 189 22234 3
seal 189
open 190
put 190 19191 1
seal 190
open 191
put 191 13071 5
seal 191
open 192
put 192 12545 5
seal 192
open 193
put 193 25653 5
seal 193
open 194
put 194 27790 5
seal 194
open 195
put 195 27499 1
seal 195
open 196
put 196 18771 2
seal 196
open 197
put 197 182 1
seal 197
open 198
put 198 7789 4
seal 198
open 199
put 199 24312 5
seal 199
open 200
put 200 14790 5
seal 200
open 201
put 201 3543 0
seal 201
open 202
put 202 10268 0
seal 202
open 203
put 203 9350 4
seal 203
open 204
put 204 23322 4
seal 204
open 205
put 205 6183 1
seal 205
open 206
put 206 14375 1
seal 206
open 207
put 207 9326 1
seal 207
open 208
put 208 21533 3
seal 208
open 209
put 209 3707 3
seal 209
open 210
put 210 28166 0
seal 210
open 211
put 211 17264 5
seal 211
open 212
put 212 24900 4
seal 212
open 213
put 213 14586 2
seal 213
open 214
put 214 9833 1
seal 214
open 215
put 215 4200 1
seal 215
open 216
put 216 22684 0
seal 216
open 217
put 217 20477 0
seal 217
open 218
put 218 20762 3
seal 218
open 219
put 219 18941 4
seal 219
open 220
put 220 18532 2
seal 220
open 221
put 221 16422 4
seal 221
open 222
put 222 22092 2
seal 222
open 223
put 223 2361 4
seal 223
open 224
put 224 27278 2
seal 224
open 225
put 225 15110 5
seal 225
open 226
put 226 26190 0
seal 226
open 227
put 227 7301 2
seal 227
open 228
put 228 13023 4
seal 228
open 229
put 229 1122 5
seal 229
open 230
put 230 24320 4
seal 230
open 231
put 231 18350 2
seal 231
open 232
put 232 250 3
seal 232
open 233
put 233 11766 2
seal 233
open 234
put 234 21053 4
seal 234
open 235
put 235 2487 1
seal 235
open 236
put 236 27713 4
seal 236
open 237
put 237 21719 0
seal 237
open 238
put 238 8460 5
seal 238
open 239
put 239 29788 3
seal 239
open 240
put 240 10721 1
seal 240
open 241
put 241 22102 2
seal 241
open 242
put 242 18595 5
seal 242
open 243
put 243 9076 2
seal 243
open 244
put 244 14336 3
seal 244
open 245
put 245 4225 0
seal 245
open 246
put 246 1641 5
seal 246
open 247
put 247 15422 5
seal 247
open 248
put 248 28245 4
seal 248
open 249
put 249 7130 5
seal 249
open 250
put 250 18350 2
seal 250
open 251
put 251 8300 5
seal 251
open 252
put 252 5696 5
seal 252
open 253
put 253 10620 4
seal 253
open 254
put 254 28245 4
seal 254
open 255
put 255 28163 4
seal 255
open 256
put 256 17271 4
seal 256
open 257
put 257 15672 1
seal 257
open 258
put 258 28764 1
seal 258
open 259
put 259 8356 2
seal 259
open 260
put 260 3758 0
seal 260
open 261
put 261 27771 4
seal 261
open 262
put 262 22660 1
seal 262
open 263
put 263 14788 1
seal 263
open 264
put 264 23056 1
seal 264
open 265
put 265 25829 0
seal 265
open 266
put 266 29653 5
seal 266
open 267
put 267 5884 0
seal 267
open 268
put 268 24170 2
seal 268
open 269
put 269 21813 2
seal 269
open 270
put 270 22258 2
seal 270
open 271
put 271 22647 3
seal 271
open 272
put 272 18966 1
seal 272
open 273
put 273 10349 5
seal 273
open 274
put 274 7234 0
seal 274
open 275
put 275 132 3
seal 275
open 276
put 276 26652 1
seal 276
open 277
put 277 7475 0
seal 277
open 278
put 278 1064 3
seal 278
open 279
put 279 14344 1
seal 279
open 280
put 280 20968 0
seal 280
open 281
put 281 12949 3
seal 281
open 282
put 282 19071 5
seal 282
open 283
put 283 9634 4
seal 283
open 284
put 284 24698 1
seal 284
open 285
put 285 22393 2
seal 285
open 286
put 286 10885 4
seal 286
open 287
put 287 3284 4
seal 287
open 288
put 288 15245 3
seal 288
open 289
put 289 11266 1
seal 289
open 290
put 290 9415 3
seal 290
open 291
put 291 9830 4
seal 291
open 292
put 292 14773 3
seal 292
open 293
put 293 10816 2
seal 293
open 294
put 294 25506 4
seal 294
open 295
put 295 28046 4
seal 295
open 296
put 296 15741 0
seal 296
open 297
put 297 24584 2
seal 297
open 298
put 298 16048 5
seal 298
open 299
put 299 3695 1
seal 299
open 300
put 300 4825 5
seal 300
open 301
put 301 29241 3
seal 301
open 302
put 302 6894 4
seal 302
open 303
put 303 2522 2
seal 303
open 304
put 304 7234 0
seal 304
open 305
put 305 7493 1
seal 305
open 306
put 306 19090 2
seal 306
open 307
put 307 17336 4
seal 307
open 308
put 308 28473 5
seal 308
open 309
put 309 21808 3
seal 309
open 310
put 310 27834 0
seal 310
open 311
put 311 13170 5
seal 311
open 312
put 312 9549 3
seal 312
open 313
put 313 17276 4
seal 313
open 314
put 314 16236 1
seal 314
open 315
put 315 13933 3
seal 315
open 316
put 316 24940 0
seal 316
open 317
put 317 14160 5
seal 317
open 318
put 318 27419 1
seal 318
open 319
put 319 19490 5
seal 319
open 320
put 320 8403 0
seal 320
open 321
put 321 20594 0
seal 321
open 322
put 322 15484 5
seal 322
open 323
put 323 20025 4
seal 323
open 324
put 324 22744 2
seal 324
open 325
put 325 8611 3
seal 325
open 326
put 326 15081 2
seal 326
open 327
put 327 1551 1
seal 327
open 328
put 328 16778 5
seal 328
open 329
put 329 13159 0
seal 329
open 330
put 330 13958 4
seal 330
open 331
put 331 14305 2
seal 331
open 332
put 332 9746 1
seal 332
open 333
put 333 9326 1
seal 333
open 334
put 334 11766 2
seal 334
open 335
put 335 13695 3
seal 335
open 336
put 336 27273 5
seal 336
open 337
put 337 8639 1
seal 337
open 338
put 338 26639 3
seal 338
open 339
put 339 19200 4
seal 339
open 340
put 340 22336 0
seal 340
open 341
put 341 28245 4
seal 341
open 342
put 342 24093 0
seal 342
open 343
put 343 24573 3
seal 343
open 344
put 344 21638 1
seal 344
open 345
put 345 14120 3
seal 345
open 346
put 346 1328 4
seal 346
open 347
put 347 17054 4
seal 347
open 348
put 348 29093 0
seal 348
open 349
put 349 14612 4
seal 349
open 350
put 350 26846 1
seal 350
open 351
put 351 9 0
seal 351
open 352
put 352 27034 4
seal 352
open 353
put 353 18941 4
seal 353
open 354
put 354 11945 0
seal 354
open 355
put 355 1846 3
seal 355
open 356
put 356 7130 5
seal 356
open 357
put 357 11618 1
seal 357
open 358
put 358 24406 2
seal 358
open 359
put 359 16390 3
seal 359
open 360
put 360 22531 3
seal 360
open 361
put 361 7646 5
seal 361
open 362
put 362 19090 2
seal 362
open 363
put 363 25714 2
seal 363
open 364
put 364 402 3
seal 364
open 365
put 365 22727 0
seal 365
open 366
put 366 20477 0
seal 366
open 367
put 367 18159 3
seal 367
open 368
put 368 7307 0
seal 368
open 369
put 369 13877 1
seal 369
open 370
put 370 28729 2
seal 370
open 371
put 371 3110 5
seal 371
open 372
put 372 12851 2
seal 372
open 373
put 373 16548 5
seal 373
open 374
put 374 13164 2
seal 374
open 375
put 375 25998 1
seal 375
open 376
put 376 7864 1
seal 376
open 377
put 377 12928 1
seal 377
open 378
put 378 12457 5
seal 378
open 379
put 379 2718 2
seal 379
open 380
put 380 11002 2
seal 380
open 381
put 381 18392 1
seal 381
open 382
put 382 14976 2
seal 382
open 383
put 383 15002 1
seal 383
open 384
put 384 25998 1
seal 384
open 385
put 385 18157 1
seal 385
open 386
put 386 12456 1
seal 386
open 387
put 387 536 0
seal 387
open 388
put 388 11818 0
seal 388
open 389
put 389 10922 2
seal 389
open 390
put 390 22727 0
seal 390
open 391
put 391 12300 1
seal 391
open 392
put 392 22932 1
seal 392
open 393
put 393 29441 4
seal 393
open 394
put 394 12832 5
seal 394
open 395
put 395 19507 1
seal 395
open 396
put 396 10867 1
seal 396
open 397
put 397 23814 0
seal 397
open 398
put 398 9266 3
seal 398
open 399
put 399 13688 0
seal 399
open 400
put 400 7835 1
seal 400
open 401
put 401 18515 2
seal 401
open 402
put 402 12851 2
seal 402
open 403
put 403 19171 0
seal 403
open 404
put 404 15002 1
seal 404
open 405
put 405 28380 1
seal 405
open 406
put 406 4638 2
seal 406
open 407
put 407 22064 3
seal 407
open 408
put 408 23129 5
seal 408
open 409
put 409 13164 2
seal 409
open 410
put 410 9109 4
seal 410
open 411
put 411 14919 2
seal 411
open 412
put 412 29916 5
seal 412
open 413
put 413 27297 4
seal 413
open 414
put 414 14849 3
seal 414
open 415
put 415 17530 5
seal 415
open 416
put 416 15720 5
seal 416
open 417
put 417 11248 4
seal 417
open 418
put 418 6212 2
seal 418
open 419
put 419 16410 3
seal 419
open 420
put 420 6538 4
seal 420
open 421
put 421 14731 5
seal 421
open 422
put 422 7575 5
seal 422
open 423
put 423 22356 1
seal 423
open 424
put 424 262 5
seal 424
open 425
put 425 22774 2
seal 425
open 426
put 426 4788 2
seal 426
open 427
put 427 24956 3
seal 427
open 428
put 428 11251 3
seal 428
open 429
put 429 26529 3
seal 429
open 430
put 430 18614 5
seal 430
open 431
put 431 27834 0
seal 431
open 432
put 432 23156 5
seal 432
open 433
put 433 16573 4
seal 433
open 434
put 434 23269 1
seal 434
open 435
put 435 15570 4
seal 435
open 436
put 436 16802 3
seal 436
open 437
put 437 20121 3
seal 437
open 438
put 438 3398 1
seal 438
open 439
put 439 13967 0
seal 439
open 440
put 440 17316 5
seal 440
open 441
put 441 7531 2
seal 441
open 442
put 442 1907 1
seal 442
open 443
put 443 2511 2
seal 443
open 444
put 444 19988 1
seal 444
open 445
put 445 16611 5
seal 445
open 446
put 446 13886 2
seal 446
open 447
put 447 19335 3
seal 447
open 448
put 448 14194 0
seal 448
open 449
put 449 16088 4
seal 449
open 450
put 450 9480 4
seal 450
open 451
put 451 20577 5
seal 451
open 452
put 452 20300 4
seal 452
open 453
put 453 9843 1
seal 453
open 454
put 454 24836 4
seal 454
open 455
put 455 13311 0
seal 455
open 456
put 456 29290 5
seal 456
open 457
put 457 3067 2
seal 457
open 458
put 458 19376 5
seal 458
open 459
put 459 25783 5
seal 459
open 460
put 460 1514 0
seal 460
open 461
put 461 8905 0
seal 461
open 462
put 462 12215 2
seal 462
open 463
put 463 5841 2
seal 463
open 464
put 464 1798 3
seal 464
open 465
put 465 4223 4
seal 465
open 466
put 466 25403 3
seal 466
open 467
put 467 1056 0
seal 467
open 468
put 468 3432 5
seal 468
open 469
put 469 12831 1
seal 469
open 470
put 470 16453 5
seal 470
open 471
put 471 5736 1
seal 471
open 472
put 472 14849 3
seal 472
open 473
put 473 17041 2
seal 473
open 474
put 474 24475 1
seal 474
open 475
put 475 5568 2
seal 475
open 476
put 476 5784 2
seal 476
open 477
put 477 4038 3
seal 477
open 478
put 478 29171 3
seal 478
open 479
put 479 24767 1
seal 479
open 480
put 480 16683 5
seal 480
open 481
put 481 11049 3
seal 481
open 482
put 482 7313 5
seal 482
open 483
put 483 28380 1
seal 483
open 484
put 484 5233 4
seal 484
open 485
put 485 2137 4
seal 485
open 486
put 486 9079 2
seal 486
open 487
put 487 6891 0
seal 487
open 488
put 488 27824 2
seal 488
open 489
put 489 27324 1
seal 489
open 490
put 490 260 0
seal 490
open 491
put 491 26666 1
seal 491
open 492
put 492 27532 1
seal 492
open 493
put 493 10620 4
seal 493
open 494
put 494 15953 1
seal 494
open 495
put 495 15000 1
seal 495
open 496
put 496 25667 5
seal 496
open 497
put 497 15765 4
seal 497
open 498
put 498 1033 1
seal 498
open 499
put 499 7745 0
seal 499
open 500
put 500 3754 4
seal 500
open 501
put 501 23826 2
seal 501
open 502
put 502 18778 3
seal 502
open 503
put 503 6891 0
seal 503
open 504
put 504 17333 3
seal 504
open 505
put 505 27999 5
seal 505
open 506
put 506 176 2
seal 506
open 507
put 507 24859 4
seal 507
open 508
put 508 12282 4
seal 508
open 509
put 509 25039 5
seal 509
open 510
put 510 29758 3
seal 510
open 511
put 511 15717 4
seal 511
open 512
put 512 24691 1
seal 512
open 513
put 513 6241 5
seal 513
open 514
put 514 6486 3
seal 514
open 515
put 515 3224 5
seal 515
open 516
put 516 20121 3
seal 516
open 517
put 517 14684 4
seal 517
open 518
put 518 8689 1
seal 518
open 519
put 519 1514 0
seal 519
open 520
put 520 22789 1
seal 520
open 521
put 521 28363 1
seal 521
open 522
put 522 19295 3
seal 522
open 523
put 523 17790 1
seal 523
open 524
put 524 19017 5
seal 524
open 525
put 525 29301 1
seal 525
open 526
put 526 699 3
seal 526
open 527
put 527 23476 3
seal 527
open 528
put 528 603 1
seal 528
open 529
put 529 11204 0
seal 529
open 530
put 530 12184 4
seal 530
open 531
put 531 18314 2
seal 531
open 532
put 532 10867 1
seal 532
open 533
put 533 1244 2
seal 533
open 534
put 534 24177 3
seal 534
open 535
put 535 15125 0
seal 535
open 536
put 536 25895 5
seal 536
open 537
put 537 1554 1
seal 537
open 538
put 538 168 1
seal 538
open 539
put 539 14849 3
seal 539
open 540
put 540 13521 3
seal 540
open 541
put 541 2730 3
seal 541
open 542
put 542 17374 4
seal 542
open 543
put 543 14344 1
seal 543
open 544
put 544 23898 4
seal 544
open 545
put 545 15741 0
seal 545
open 546
put 546 9641 0
seal 546
open 547
put 547 21741 1
seal 547
open 548
put 548 26448 1
seal 548
open 549
put 549 16692 5
seal 549
open 550
put 550 26735 1
seal 550
open 551
put 551 5533 5
seal 551
open 552
put 552 5181 0
seal 552
open 553
put 553 23814 0
seal 553
open 554
put 554 5915 0
seal 554
open 555
put 555 18515 2
seal 555
open 556
put 556 9687 0
seal 556
open 557
put 557 26087 3
seal 557
open 558
put 558 21842 2
seal 558
open 559
put 559 19200 4
seal 559
open 560
put 560 22073 1
seal 560
open 561
put 561 7365 0
seal 561
open 562
put 562 24652 1
seal 562
open 563
put 563 21075 3
seal 563
open 564
put 564 6162 0
seal 564
open 565
put 565 18225 3
seal 565
open 566
put 566 12201 2
seal 566
open 567
put 567 26791 5
seal 567
open 568
put 568 25024 4
seal 568
open 569
put 569 27996 4
seal 569
open 570
put 570 23349 4
seal 570
open 571
put 571 21383 1
seal 571
open 572
put 572 8689 1
seal 572
open 573
put 573 22660 1
seal 573
open 574
put 574 22660 1
seal 574
open 575
put 575 7516 4
seal 575
open 576
put 576 1287 2
seal 576
open 577
put 577 24698 1
seal 577
open 578
put 578 19043 5
seal 578
open 579
put 579 25505 1
seal 579
open 580
put 580 29327 5
seal 580
open 581
put 581 29355 4
seal 581
open 582
put 582 6696 1
seal 582
open 583
put 583 16377 5
seal 583
open 584
put 584 7036 1
seal 584
open 585
put 585 26979 1
seal 585
open 586
put 586 2522 2
seal 586
open 587
put 587 14120 3
seal 587
open 588
put 588 2688 1
seal 588
open 589
put 589 9830 4
seal 589
open 590
put 590 4453 5
seal 590
open 591
put 591 10991 2
seal 591
open 592
put 592 14790 5
seal 592
open 593
put 593 11135 2
seal 593
open 594
put 594 17496 1
seal 594
open 595
put 595 28821 4
seal 595
open 596
put 596 14335 2
seal 596
open 597
put 597 7698 4
seal 597
open 598
put 598 5556 2
seal 598
open 599
put 599 28067 2
seal 599
open 600
put 600 28913 1
seal 600
open 601
put 601 8237 3
seal 601
open 602
put 602 4624 2
seal 602
open 603
put 603 2746 0
seal 603
open 604
put 604 8806 3
seal 604
open 605
put 605 28522 4
seal 605
open 606
put 606 13279 5
seal 606
open 607
put 607 397 1
seal 607
open 608
put 608 12496 0
seal 608
open 609
put 609 11821 5
seal 609
open 610
put 610 517 1
seal 610
open 611
put 611 5740 3
seal 611
open 612
put 612 17622 0
seal 612
open 613
put 613 25712 1
seal 613
open 614
put 614 1218 3
seal 614
open 615
put 615 12876 1
seal 615
open 616
put 616 5771 1
seal 616
open 617
put 617 932 2
seal 617
open 618
put 618 4974 5
seal 618
open 619
put 619 23476 3
seal 619
open 620
put 620 16390 3
seal 620
open 621
put 621 6696 1
seal 621
open 622
put 622 23708 5
seal 622
open 623
put 623 14464 5
seal 623
open 624
put 624 1441 3
seal 624
open 625
put 625 18618 5
seal 625
open 626
put 626 26440 2
seal 626
open 627
put 627 4121 3
seal 627
open 628
put 628 20207 2
seal 628
open 629
put 629 26373 1
seal 629
open 630
put 630 3675 4
seal 630
open 631
put 631 3929 3
seal 631
open 632
put 632 18030 2
seal 632
open 633
put 633 27787 4
seal 633
open 634
put 634 3284 4
seal 634
open 635
put 635 5391 0
seal 635
open 636
put 636 3293 3
seal 636
open 637
put 637 11002 2
seal 637
open 638
put 638 5173 1
seal 638
open 639
put 639 16982 3
seal 639
open 640
put 640 1668 2
seal 640
open 641
put 641 18568 4
seal 641
open 642
put 642 11851 4
seal 642
open 643
put 643 15103 4
seal 643
open 644
put 644 7467 1
seal 644
open 645
put 645 7243 4
seal 645
open 646
put 646 16007 1
seal 646
open 647
put 647 15410 2
seal 647
open 648
put 648 12544 0
seal 648
open 649
put 649 2555 5
seal 649
open 650
put 650 28786 1
seal 650
open 651
put 651 12082 4
seal 651
open 652
put 652 10686 4
seal 652
open 653
put 653 19477 3
seal 653
open 654
put 654 25400 4
seal 654
open 655
put 655 14432 2
seal 655
open 656
put 656 29290 5
seal 656
open 657
put 657 24045 5
seal 657
open 658
put 658 8941 5
seal 658
open 659
put 659 15511 4
seal 659
open 660
put 660 3218 3
seal 660
open 661
put 661 25982 2
seal 661
open 662
put 662 410 1
seal 662
open 663
put 663 2145 3
seal 663
open 664
put 664 9352 5
seal 664
open 665
put 665 20094 4
seal 665
open 666
put 666 8356 2
seal 666
open 667
put 667 15952 0
seal 667
open 668
put 668 7320 3
seal 668
open 669
put 669 17960 1
seal 669
open 670
put 670 25818 4
seal 670
open 671
put 671 5961 5
seal 671
open 672
put 672 25222 5
seal 672
open 673
put 673 24757 0
seal 673
open 674
put 674 26984 1
seal 674
open 675
put 675 13164 2
seal 675
open 676
put 676 11930 5
seal 676
open 677
put 677 4335 0
seal 677
open 678
put 678 7529 0
seal 678
open 679
put 679 22430 0
seal 679
open 680
put 680 27120 5
seal 680
open 681
put 681 28703 2
seal 681
open 682
put 682 17771 3
seal 682
open 683
put 683 16723 1
seal 683
open 684
put 684 27034 4
seal 684
open 685
put 685 12703 4
seal 685
open 686
put 686 21826 3
seal 686
open 687
put 687 24527 5
seal 687
open 688
put 688 16395 2
seal 688
open 689
put 689 21327 1
seal 689
open 690
put 690 13279 5
seal 690
open 691
put 691 2746 0
seal 691
open 692
put 692 9001 5
seal 692
open 693
put 693 22987 2
seal 693
open 694
put 694 28351 4
seal 694
open 695
put 695 28380 1
seal 695
open 696
put 696 10634 4
seal 696
open 697
put 697 29079 1
seal 697
open 698
put 698 29370 5
seal 698
open 699
put 699 563 4
seal 699
open 700
put 700 179 3
seal 700
open 701
put 701 5151 2
seal 701
open 702
put 702 13903 3
seal 702
open 703
put 703 20951 5
seal 703
open 704
put 704 3733 1
seal 704
open 705
put 705 12448 5
seal 705
open 706
put 706 9347 2
seal 706
open 707
put 707 27297 4
seal 707
open 708
put 708 23842 2
seal 708
open 709
put 709 22034 1
seal 709
open 710
put 710 15675 0
seal 710
open 711
put 711 15099 4
seal 711
open 712
put 712 26911 0
seal 712
open 713
put 713 12106 4
seal 713
open 714
put 714 28267 4
seal 714
open 715
put 715 27018 0
seal 715
open 716
put 716 25417 1
seal 716
open 717
put 717 7135 1
seal 717
open 718
put 718 3403 0
seal 718
open 719
put 719 13663 1
seal 719
open 720
put 720 28363 1
seal 720
open 721
put 721 22714 5
seal 721
open 722
put 722 9250 5
seal 722
open 723
put 723 18085 4
seal 723
open 724
put 724 2437 3
seal 724
open 725
put 725 22073 1
seal 725
open 726
put 726 5722 3
seal 726
open 727
put 727 22336 0
seal 727
open 728
put 728 29895 3
seal 728
open 729
put 729 9923 4
seal 729
open 730
put 730 12101 4
seal 730
open 731
put 731 16219 1
seal 731
open 732
put 732 8370 2
seal 732
open 733
put 733 24639 3
seal 733
open 734
put 734 2201 2
seal 734
open 735
put 735 13886 2
seal 735
open 736
put 736 24816 5
seal 736
open 737
put 737 9996 2
seal 737
open 738
put 738 28283 5
seal 738
open 739
put 739 10806 4
seal 739
open 740
put 740 3376 3
seal 740
open 741
put 741 13599 5
seal 741
open 742
put 742 4457 1
seal 742
open 743
put 743 21250 1
seal 743
open 744
put 744 1287 2
seal 744
open 745
put 745 5923 4
seal 745
open 746
put 746 5607 1
seal 746
open 747
put 747 27829 4
seal 747
open 748
put 748 14714 4
seal 748
open 749
put 749 5471 5
seal 749
open 750
put 750 20877 4
seal 750
open 751
put 751 19392 4
seal 751
open 752
put 752 8149 3
seal 752
open 753
put 753 1176 4
seal 753
open 754
put 754 17316 5
seal 754
open 755
put 755 16928 2
seal 755
open 756
put 756 16880 3
seal 756
open 757
put 757 29708 2
seal 757
open 758
put 758 21730 2
seal 758
open 759
put 759 18398 1
seal 759
open 760
put 760 19432 4
seal 760
open 761
put 761 7049 2
seal 761
open 762
put 762 22034 1
seal 762
open 763
put 763 23309 4
seal 763
open 764
put 764 7061 2
seal 764
open 765
put 765 26527 4
seal 765
open 766
put 766 8284 5
seal 766
open 767
put 767 6350 0
seal 767
open 768
put 768 13960 4
seal 768
open 769
put 769 20217 3
seal 769
open 770
put 770 27005 2
seal 770
open 771
put 771 5915 0
seal 771
open 772
put 772 15890 1
seal 772
open 773
put 773 3110 5
seal 773
open 774
put 774 13741 0
seal 774
open 775
put 775 9843 1
seal 775
open 776
put 776 28490 3
seal 776
open 777
put 777 10723 0
seal 777
open 778
put 778 22465 2
seal 778
open 779
put 779 5683 3
seal 779
open 780
put 780 900 1
seal 780
open 781
put 781 29758 3
seal 781
open 782
put 782 11766 2
seal 782
open 783
put 783 1611 4
seal 783
open 784
put 784 21225 3
seal 784
open 785
put 785 12119 3
seal 785
open 786
put 786 27220 0
seal 786
open 787
put 787 23456 2
seal 787
open 788
put 788 963 4
seal 788
open 789
put 789 12483 2
seal 789
open 790
put 790 24671 0
seal 790
open 791
put 791 21409 0
seal 791
open 792
put 792 10726 2
seal 792
open 793
put 793 28283 5
seal 793
open 794
put 794 17099 0
seal 794
open 795
put 795 20987 4
seal 795
open 796
put 796 6408 5
seal 796
open 797
put 797 26496 5
seal 797
open 798
put 798 26246 3
seal 798
open 799
put 799 900 1
seal 799
open 800
put 800 12036 0
seal 800
open 801
put 801 26537 3
seal 801
open 802
put 802 23814 0
seal 802
open 803
put 803 17659 1
seal 803
open 804
put 804 24170 2
seal 804
open 805
put 805 22933 4
seal 805
open 806
put 806 18974 2
seal 806
open 807
put 807 13279 5
seal 807
open 808
put 808 29150 4
seal 808
open 809
put 809 17659 1
seal 809
open 810
put 810 15436 3
seal 810
open 811
put 811 14742 0
seal 811
open 812
put 812 15165 4
seal 812
open 813
put 813 4428 4
seal 813
open 814
put 814 12128 5
seal 814
open 815
put 815 25725 3
seal 815
open 816
put 816 24418 5
seal 816
open 817
put 817 15869 5
seal 817
open 818
put 818 9390 5
seal 818
open 819
put 819 22531 3
seal 819
open 820
put 820 9733 2
seal 820
open 821
put 821 11444 3
seal 821
open 822
put 822 22148 1
seal 822
open 823
put 823 27805 4
seal 823
open 824
put 824 6062 1
seal 824
open 825
put 825 12367 4
seal 825
open 826
put 826 25734 4
seal 826
open 827
put 827 3649 0
seal 827
open 828
put 828 25783 5
seal 828
open 829
put 829 8724 0
seal 829
open 830
put 830 3614 5
seal 830
open 831
put 831 16349 3
seal 831
open 832
put 832 15011 5
seal 832
open 833
put 833 13840 1
seal 833
open 834
put 834 14106 4
seal 834
open 835
put 835 25783 5
seal 835
open 836
put 836 9830 4
seal 836
open 837
put 837 3745 5
seal 837
open 838
put 838 22393 2
seal 838
open 839
put 839 10723 0
seal 839
open 840
put 840 11107 4
seal 840
open 841
put 841 3788 0
seal 841
open 842
put 842 8692 2
seal 842
open 843
put 843 17928 3
seal 843
open 844
put 844 7995 3
seal 844
open 845
put 845 2361 4
seal 845
open 846
put 846 5646 5
seal 846
open 847
put 847 12222 5
seal 847
open 848
put 848 7708 5
seal 848
open 849
put 849 27886 2
seal 849
open 850
put 850 27171 0
seal 850
open 851
put 851 28124 4
seal 851
open 852
put 852 10231 4
seal 852
open 853
put 853 2606 0
seal 853
open 854
put 854 18066 3
seal 854
open 855
put 855 21155 0
seal 855
open 856
put 856 7810 5
seal 856
open 857
put 857 10180 5
seal 857
open 858
put 858 21594 4
seal 858
open 859
put 859 26427 1
seal 859
open 860
put 860 1132 4
seal 860
open 861
put 861 24912 3
seal 861
open 862
put 862 27090 0
seal 862
open 863
put 863 20477 0
seal 863
open 864
put 864 20104 3
seal 864
open 865
put 865 7960 3
seal 865
open 866
put 866 2883 1
seal 866
open 867
put 867 12941 4
seal 867
open 868
put 868 20373 0
seal 868
open 869
put 869 1122 5
seal 869
open 870
put 870 21244 0
seal 870
open 871
put 871 14878 4
seal 871
open 872
put 872 25167 1
seal 872
open 873
put 873 15495 2
seal 873
open 874
put 874 12201 2
seal 874
open 875
put 875 27952 3
seal 875
open 876
put 876 1234 4
seal 876
open 877
put 877 5369 4
seal 877
open 878
put 878 1849 1
seal 878
open 879
put 879 25135 5
seal 879
open 880
put 880 23093 0
seal 880
open 881
put 881 16007 1
seal 881
open 882
put 882 8692 2
seal 882
open 883
put 883 6641 4
seal 883
open 884
put 884 15074 1
seal 884
open 885
put 885 14271 1
seal 885
open 886
put 886 9602 5
seal 886
open 887
put 887 699 3
seal 887
open 888
put 888 29653 5
seal 888
open 889
put 889 24972 2
seal 889
open 890
put 890 20135 3
seal 890
open 891
put 891 4038 3
seal 891
open 892
put 892 25417 1
seal 892
open 893
put 893 11200 5
seal 893
open 894
put 894 27713 4
seal 894
open 895
put 895 21741 1
seal 895
open 896
put 896 5442 4
seal 896
open 897
put 897 26704 3
seal 897
open 898
put 898 22774 2
seal 898
open 899
put 899 25783 5
seal 899
open 900
put 900 27883 1
seal 900
open 901
put 901 5568 2
seal 901
open 902
put 902 920 2
seal 902
open 903
put 903 21073 1
seal 903
open 904
put 904 5346 0
seal 904
open 905
put 905 29501 5
seal 905
open 906
put 906 10867 1
seal 906
open 907
put 907 1322 0
seal 907
open 908
put 908 22455 4
seal 908
open 909
put 909 11887 0
seal 909
open 910
put 910 11271 1
seal 910
open 911
put 911 3637 2
seal 911
open 912
put 912 849 3
seal 912
open 913
put 913 11664 3
seal 913
open 914
put 914 6869 5
seal 914
open 915
put 915 4639 4
seal 915
open 916
put 916 14714 4
seal 916
open 917
put 917 17336 4
seal 917
open 918
put 918 4015 4
seal 918
open 919
put 919 11549 0
seal 919
open 920
put 920 23687 3
seal 920
open 921
put 921 10415 3
seal 921
open 922
put 922 26505 1
seal 922
open 923
put 923 21266 3
seal 923
open 924
put 924 3543 0
seal 924
open 925
put 925 16778 5
seal 925
open 926
put 926 29578 2
seal 926
open 927
put 927 4074 3
seal 927
open 928
put 928 4191 1
seal 928
open 929
put 929 7898 1
seal 929
open 930
put 930 8830 4
seal 930
open 931
put 931 11122 5
seal 931
open 932
put 932 25829 0
seal 932
open 933
put 933 20135 3
seal 933
open 934
put 934 24766 5
seal 934
open 935
put 935 25734 4
seal 935
open 936
put 936 1288 2
seal 936
open 937
put 937 27950 5
seal 937
open 938
put 938 13725 3
seal 938
open 939
put 939 28267 4
seal 939
open 940
put 940 2425 2
seal 940
open 941
put 941 24790 5
seal 941
open 942
put 942 15411 2
seal 942
open 943
put 943 12618 4
seal 943
open 944
put 944 27765 2
seal 944
open 945
put 945 5730 1
seal 945
open 946
put 946 20094 4
seal 946
open 947
put 947 16048 5
seal 947
open 948
put 948 25835 5
seal 948
open 949
put 949 13552 5
seal 949
open 950
put 950 9151 4
seal 950
open 951
put 951 27829 4
seal 951
open 952
put 952 26308 0
seal 952
open 953
put 953 16873 5
seal 953
open 954
put 954 22563 5
seal 954
open 955
put 955 22449 2
seal 955
open 956
put 956 17374 4
seal 956
open 957
put 957 16330 0
seal 957
open 958
put 958 3929 3
seal 958
open 959
put 959 1044 4
seal 959
open 960
put 960 21065 3
seal 960
open 961
put 961 3614 5
seal 961
open 962
put 962 24025 5
seal 962
open 963
put 963 19326 0
seal 963
open 964
put 964 12266 5
seal 964
open 965
put 965 21319 0
seal 965
open 966
put 966 24046 0
seal 966
open 967
put 967 2864 2
seal 967
open 968
put 968 13725 3
seal 968
open 969
put 969 5841 2
seal 969
open 970
put 970 4238 3
seal 970
open 971
put 971 28780 4
seal 971
open 972
put 972 20525 4
seal 972
open 973
put 973 20394 2
seal 973
open 974
put 974 18619 3
seal 974
open 975
put 975 25023 4
seal 975
open 976
put 976 2425 2
seal 976
open 977
put 977 4346 3
seal 977
open 978
put 978 1846 3
seal 978
open 979
put 979 21782 4
seal 979
open 980
put 980 13567 2
seal 980
open 981
put 981 16236 1
seal 981
open 982
put 982 19940 1
seal 982
open 983
put 983 14464 5
seal 983
open 984
put 984 22933 4
seal 984
open 985
put 985 19636 2
seal 985
open 986
put 986 8047 3
seal 986
open 987
put 987 12448 5
seal 987
open 988
put 988 28460 1
seal 988
open 989
put 989 13980 3
seal 989
open 990
put 990 8878 1
seal 990
open 991
put 991 19840 0
seal 991
open 992
put 992 2555 5
seal 992
open 993
put 993 7174 0
seal 993
open 994
put 994 6479 0
seal 994
open 995
put 995 23462 2
seal 995
open 996
put 996 5841 2
seal 996
open 997
put 997 16349 3
seal 997
open 998
put 998 26838 0
seal 998
open 999
put 999 19548 0
seal 999
open 1000
put 1000 9113 2
seal 1000
open 1001
put 1001 3622 2
seal 1001
open 1002
put 1002 5594 3
seal 1002
open 1003
put 1003 19362 5
seal 1003
open 1004
put 1004 3398 1
seal 1004
open 1005
put 1005 12891 2
seal 1005
open 1006
put 1006 12928 1
seal 1006
open 1007
put 1007 13808 4
seal 1007
open 1008
put 1008 22465 2
seal 1008
open 1009
put 1009 14836 4
seal 1009
open 1010
put 1010 7365 0
seal 1010
open 1011
put 1011 3998 1
seal 1011
open 1012
put 1012 2145 3
seal 1012
open 1013
put 1013 26737 0
seal 1013
open 1014
put 1014 9127 1
seal 1014
open 1015
put 1015 2042 0
seal 1015
open 1016
put 1016 24110 2
seal 1016
open 1017
put 1017 1287 2
seal 1017
open 1018
put 1018 26074 5
seal 1018
open 1019
put 1019 13960 4
seal 1019
open 1020
put 1020 18475 0
seal 1020
open 1021
put 1021 9820 4
seal 1021
open 1022
put 1022 22975 4
seal 1022
open 1023
put 1023 19194 5
seal 1023
open 1024
put 1024 28351 4
seal 1024
open 1025
put 1025 18974 2
seal 1025
open 1026
put 1026 6780 3
seal 1026
open 1027
put 1027 29832 5
seal 1027
open 1028
put 1028 8028 1
seal 1028
open 1029
put 1029 1700 2
seal 1029
open 1030
put 1030 10231 4
seal 1030
open 1031
put 1031 21984 0
seal 1031
open 1032
put 1032 15933 1
seal 1032
open 1033
put 1033 24940 0
seal 1033
open 1034
put 1034 27673 5
seal 1034
open 1035
put 1035 16406 1
seal 1035
open 1036
put 1036 9525 1
seal 1036
open 1037
put 1037 15644 2
seal 1037
open 1038
put 1038 7313 5
seal 1038
open 1039
put 1039 22737 0
seal 1039
open 1040
put 1040 24114 3
seal 1040
open 1041
put 1041 9079 2
seal 1041
open 1042
put 1042 412 1
seal 1042
open 1043
put 1043 8985 3
seal 1043
open 1044
put 1044 19636 2
seal 1044
open 1045
put 1045 29200 5
seal 1045
open 1046
put 1046 29171 3
seal 1046
open 1047
put 1047 19845 3
seal 1047
open 1048
put 1048 17507 2
seal 1048
open 1049
put 1049 2130 4
seal 1049
open 1050
put 1050 20046 1
seal 1050
open 1051
put 1051 4398 4
seal 1051
open 1052
put 1052 16191 3
seal 1052
open 1053
put 1053 21730 2
seal 1053
open 1054
put 1054 6634 5
seal 1054
open 1055
put 1055 3780 5
seal 1055
open 1056
put 1056 3939 3
seal 1056
open 1057
put 1057 25725 3
seal 1057
open 1058
put 1058 3813 0
seal 1058
open 1059
put 1059 17622 0
seal 1059
open 1060
put 1060 4395 4
seal 1060
open 1061
put 1061 8939 5
seal 1061
open 1062
put 1062 12800 3
seal 1062
open 1063
put 1063 14395 2
seal 1063
open 1064
put 1064 4873 4
seal 1064
open 1065
put 1065 1040 2
seal 1065
open 1066
put 1066 9830 4
seal 1066
open 1067
put 1067 19071 5
seal 1067
open 1068
put 1068 10603 5
seal 1068
open 1069
put 1069 12851 2
seal 1069
open 1070
put 1070 25023 4
seal 1070
open 1071
put 1071 4857 0
seal 1071
open 1072
put 1072 27238 2
seal 1072
open 1073
put 1073 23533 4
seal 1073
open 1074
put 1074 26791 5
seal 1074
open 1075
put 1075 25734 4
seal 1075
open 1076
put 1076 9687 0
seal 1076
open 1077
put 1077 2287 0
seal 1077
open 1078
put 1078 20236 2
seal 1078
open 1079
put 1079 19311 3
seal 1079
open 1080
put 1080 23850 2
seal 1080
open 1081
put 1081 15002 1
seal 1081
open 1082
put 1082 19269 0
seal 1082
open 1083
put 1083 7606 3
seal 1083
open 1084
put 1084 14878 4
seal 1084
open 1085
put 1085 22234 3
seal 1085
open 1086
put 1086 6802 3
seal 1086
open 1087
put 1087 24816 5
seal 1087
open 1088
put 1088 22064 3
seal 1088
open 1089
put 1089 13884 1
seal 1089
open 1090
put 1090 3029 3
seal 1090
open 1091
put 1091 24649 1
seal 1091
open 1092
put 1092 10449 5
seal 1092
open 1093
put 1093 11936 1
seal 1093
open 1094
put 1094 396 5
seal 1094
open 1095
put 1095 11818 0
seal 1095
open 1096
put 1096 3423 2
seal 1096
open 1097
put 1097 20577 5
seal 1097
open 1098
put 1098 13149 4
seal 1098
open 1099
put 1099 5872 0
seal 1099
open 1100
put 1100 14655 1
seal 1100
open 1101
put 1101 4810 4
seal 1101
open 1102
put 1102 24764 0
seal 1102
open 1103
put 1103 9833 1
seal 1103
open 1104
put 1104 18568 4
seal 1104
open 1105
put 1105 7130 5
seal 1105
open 1106
put 1106 16774 5
seal 1106
open 1107
put 1107 11118 2
seal 1107
open 1108
put 1108 11266 1
seal 1108
open 1109
put 1109 27244 1
seal 1109
open 1110
put 1110 24075 2
seal 1110
open 1111
put 1111 13164 2
seal 1111
open 1112
put 1112 12621 1
seal 1112
open 1113
put 1113 17883 1
seal 1113
open 1114
put 1114 12184 4
seal 1114
open 1115
put 1115 7475 0
seal 1115
open 1116
put 1116 16982 3
seal 1116
open 1117
put 1117 4049 2
seal 1117
open 1118
put 1118 616 5
seal 1118
open 1119
put 1119 19071 5
seal 1119
open 1120
put 1120 4875 4
seal 1120
open 1121
put 1121 3314 5
seal 1121
open 1122
put 1122 9012 4
seal 1122
open 1123
put 1123 11854 2
seal 1123
open 1124
put 1124 24271 3
seal 1124
open 1125
put 1125 28511 0
seal 1125
open 1126
put 1126 1965 4
seal 1126
open 1127
put 1127 8174 1
seal 1127
open 1128
put 1128 27828 4
seal 1128
open 1129
put 1129 17010 5
seal 1129
open 1130
put 1130 410 1
seal 1130
open 1131
put 1131 14443 4
seal 1131
open 1132
put 1132 23432 4
seal 1132
open 1133
put 1133 9996 2
seal 1133
open 1134
put 1134 3929 3
seal 1134
open 1135
put 1135 16274 3
seal 1135
open 1136
put 1136 8830 4
seal 1136
open 1137
put 1137 8941 5
seal 1137
open 1138
put 1138 16683 5
seal 1138
open 1139
put 1139 5978 2
seal 1139
open 1140
put 1140 6037 5
seal 1140
open 1141
put 1141 50 1
seal 1141
open 1142
put 1142 27574 5
seal 1142
open 1143
put 1143 24789 2
seal 1143
open 1144
put 1144 16573 4
seal 1144
open 1145
put 1145 15167 1
seal 1145
open 1146
put 1146 5784 2
seal 1146
open 1147
put 1147 23381 2
seal 1147
open 1148
put 1148 8523 1
seal 1148
open 1149
put 1149 6266 2
seal 1149
open 1150
put 1150 3023 2
seal 1150
open 1151
put 1151 8692 2
seal 1151
open 1152
put 1152 18966 1
seal 1152
open 1153
put 1153 12069 1
seal 1153
open 1154
put 1154 4784 2
seal 1154
open 1155
put 1155 21625 1
seal 1155
open 1156
put 1156 19126 0
seal 1156
open 1157
put 1157 2576 3
seal 1157
open 1158
put 1158 4199 5
seal 1158
open 1159
put 1159 29586 2
seal 1159
open 1160
put 1160 28046 4
seal 1160
open 1161
put 1161 12137 2
seal 1161
open 1162
put 1162 4375 4
seal 1162
open 1163
put 1163 2621 5
seal 1163
open 1164
put 1164 23966 3
seal 1164
open 1165
put 1165 28703 2
seal 1165
open 1166
put 1166 23744 0
seal 1166
open 1167
put 1167 10304 5
seal 1167
open 1168
put 1168 22449 2
seal 1168
open 1169
put 1169 22714 5
seal 1169
open 1170
put 1170 28267 4
seal 1170
open 1171
put 1171 29138 4
seal 1171
open 1172
put 1172 7132 4
seal 1172
open 1173
put 1173 29586 2
seal 1173
open 1174
put 1174 16549 4
seal 1174
open 1175
put 1175 7301 2
seal 1175
open 1176
put 1176 5683 3
seal 1176
open 1177
put 1177 13200 5
seal 1177
open 1178
put 1178 2287 0
seal 1178
open 1179
put 1179 15671 3
seal 1179
open 1180
put 1180 14575 3
seal 1180
open 1181
put 1181 9877 1
seal 1181
open 1182
put 1182 15702 2
seal 1182
open 1183
put 1183 14581 3
seal 1183
open 1184
put 1184 3067 2
seal 1184
open 1185
put 1185 6277 5
seal 1185
open 1186
put 1186 7243 4
seal 1186
open 1187
put 1187 26002 0
seal 1187
open 1188
put 1188 4751 3
seal 1188
open 1189
put 1189 235 4
seal 1189
open 1190
put 1190 13164 2
seal 1190
open 1191
put 1191 20620 3
seal 1191
open 1192
put 1192 18859 1
seal 1192
open 1193
put 1193 7960 3
seal 1193
open 1194
put 1194 5625 3
seal 1194
open 1195
put 1195 13960 4
seal 1195
open 1196
put 1196 29078 5
seal 1196
open 1197
put 1197 12128 5
seal 1197
open 1198
put 1198 16453 5
seal 1198
open 1199
put 1199 22128 3
seal 1199
open 1200
put 1200 16048 5
seal 1200
open 1201
put 1201 26639 3
seal 1201
open 1202
put 1202 17473 2
seal 1202
get 2 9
seal 2
look 0 3
