cfg 8 4 200 1 2 2800
sc 21 24 60
sc 2 10 37
sc 22 11 26
sc 7 24 6
sc 24 18 12
sc 9 10 49
sc 21 25 43
sc 25 25 22
sc 21 21 31
sc 14 19 11
sc 13 20 17
sc 17 5 16
sc 15 5 17
sc 3 2 26
sc 1 24 49
sc 16 24 46
sc 23 17 32
sc 13 19 9
sc 1 15 56
sc 2 19 6
sc 25 11 48
sc 1 6 54
sc 6 8 48
sc 18 23 30
sc 11 14 51
sc 11 7 50
sc 1 20 51
sc 24 9 52
sc 9 21 7
sc 16 22 59
sc 20 13 57
sc 2 15 3
sc 5 16 38
sc 14 15 5
sc 15 12 25
sc 20 17 5
sc 9 22 60
sc 6 18 27
sc 11 5 24
sc 1 25 12
sc 14 24 27
sc 21 4 15
sc 14 5 52
sc 5 18 43
sc 23 20 54
sc 15 3 2
sc 6 1 50
sc 24 4 26
sc 18 2 3
sc 3 21 44
sc 16 2 17
sc 9 12 60
sc 16 25 30
sc 24 16 21
sc 3 11 32
sc 6 11 47
sc 9 24 1
sc 13 17 60
sc 18 25 9
sc 19 24 8
sc 11 6 39
sc 11 8 12
sc 4 13 14
sc 17 2 55
sc 21 1 37
sc 17 19 38
sc 18 15 12
sc 20 14 58
sc 4 17 11
sc 8 11 10
sc 16 14 9
sc 10 14 30
sc 22 15 38
sc 20 23 27
sc 25 1 22
sc 7 4 40
sc 24 11 10
sc 23 6 40
sc 18 13 58
sc 14 6 26
sc 13 2 44
sc 6 15 56
sc 13 15 15
sc 25 23 57
sc 5 23 37
sc 25 18 27
sc 6 20 9
sc 19 10 46
sc 14 20 56
sc 19 25 21
sc 16 23 8
sc 18 19 57
sc 12 21 21
sc 8 9 15
sc 15 1 18
sc 5 7 32
sc 23 5 41
sc 21 9 14
sc 17 10 32
sc 13 21 40
sc 3 23 19
sc 23 9 43
sc 25 17 7
sc 19 1 59
sc 6 23 45
sc 12 24 26
sc 8 23 24
sc 10 12 57
sc 22 23 38
sc 15 14 36
sc 1 9 5
sc 15 4 15
sc 14 14 23
sc 16 10 17
sc 19 2 4
sc 20 4 3
sc 12 23 3
sc 5 9 50
sc 13 3 33
sc 22 12 25
sc 21 10 54
sc 10 15 55
sc 22 18 49
sc 15 8 25
sc 23 21 39
sc 13 11 55
sc 4 6 36
sc 8 14 41
sc 12 4 35
sc 3 7 48
sc 3 20 42
sc 2 17 58
sc 2 25 58
sc 10 13 36
sc 4 22 10
sc 24 15 16
sc 17 8 59
sc 22 16 41
sc 9 4 8
sc 19 15 60
sc 12 14 43
sc 8 6 18
sc 23 2 35
sc 17 3 3
sc 11 2 39
sc 10 4 10
sc 7 13 36
sc 20 16 28
sc 7 19 8
sc 24 6 46
sc 25 13 32
sc 7 2 56
sc 16 18 32
sc 9 23 35
sc 3 15 49
sc 7 3 50
sc 9 9 8
sc 7 16 9
sc 8 10 29
sc 8 19 58
sc 4 20 51
sc 20 7 54
sc 17 9 56
sc 4 14 53
sc 17 16 10
sc 4 11 20
sc 24 8 34
sc 13 10 4
sc 24 3 60
sc 14 13 19
sc 25 12 28
sc 14 7 22
sc 12 11 27
sc 22 9 42
sc 12 1 38
sc 10 3 17
sc 2 13 55
sc 15 6 36
sc 10 24 24
sc 19 8 55
sc 11 9 12
sc 19 3 55
sc 17 6 9
sc 20 25 5
sc 5 25 52
sc 11 22 3
sc 2 20 12
sc 7 17 55
sc 16 8 21
sc 24 25 49
sc 25 19 4
sc 2 3 31
sc 15 13 33
sc 1 5 53
sc 20 15 36
sc 10 9 8
sc 22 3 49
sc 18 10 58
sc 1 23 31
sc 21 16 55
sc 5 8 9
sc 4 4 11
sc 8 8 32
sc 12 2 49
sc 19 5 11
sc 11 18 47
sc 21 2 33
sc 6 7 9
sc 18 17 34
sc 3 22 16
sc 20 8 32
sc 19 23 4
sc 2 6 32
sc 12 19 47
sc 7 22 55
sc 8 18 56
sc 22 13 28
sc 10 10 25
sc 3 5 49
sc 18 22 53
sc 22 1 1
sc 23 14 57
sc 8 2 21
sc 1 12 14
sc 10 25 50
sc 2 0 1
sc 7 20 47
sc 17 25 37
sc 23 25 10
sc 4 9 38
sc 2 2 47
sc 6 2 22
sc 21 5 8
sc 25 20 32
sc 6 3 27
sc 5 0 29
sc 16 4 52
sc 13 18 38
sc 1 13 45
sc 9 1 38
sc 14 16 19
sc 15 17 30
sc 18 1 50
sc 12 9 27
sc 5 2 13
sc 5 3 54
sc 11 4 33
sc 23 8 9
sc 5 22 16
sc 4 19 53
sc 3 8 58
sc 9 17 35
ask q0 5 1
ask q1 9 17
ask q2 11 18 7 7
ask q3 23 17 10
ask q4 15 6 10
